0.000010 0.000010 0.000010 0.419435 0.000010 0.000010 0.000010 0.580495 0.000010
0.000010 0.000010 0.018227 0.317371 0.000010 0.000010 0.000010 0.664342 0.000010
0.000010 0.000010 0.000010 0.390234 0.000010 0.000010 0.000010 0.609696 0.000010
0.000010 0.000010 0.011435 0.278264 0.000010 0.000010 0.000010 0.710241 0.000010
0.000010 0.000010 0.000010 0.377342 0.000010 0.000010 0.000010 0.622238 0.000360
0.000010 0.000010 0.007390 0.415885 0.000010 0.000010 0.000010 0.572163 0.004512
0.000010 0.000010 0.000019 0.399470 0.000010 0.000010 0.000010 0.600451 0.000010
0.000010 0.000010 0.000010 0.331894 0.000010 0.000010 0.000010 0.663267 0.004779
0.000010 0.000010 0.010370 0.395480 0.000010 0.000010 0.000010 0.594090 0.000010
0.000010 0.008929 0.000010 0.345989 0.000010 0.000010 0.000010 0.645021 0.000010
0.000010 0.000010 0.000010 0.366673 0.000010 0.000010 0.000010 0.627869 0.005398
0.000010 0.002314 0.005305 0.362524 0.000010 0.000010 0.000010 0.629807 0.000010
0.000010 0.000010 0.000010 0.395027 0.000010 0.000010 0.000010 0.604121 0.000793
0.000010 0.000010 0.023251 0.402281 0.000010 0.000010 0.000010 0.568423 0.005995
0.000010 0.000010 0.000010 0.360095 0.000010 0.000010 0.000010 0.639835 0.000010
0.000010 0.000010 0.000010 0.385078 0.000010 0.000010 0.000010 0.614852 0.000010
0.000010 0.000010 0.000010 0.375356 0.000010 0.000010 0.000010 0.624574 0.000010
0.000010 0.000010 0.000010 0.327244 0.000010 0.000010 0.000010 0.671826 0.000870
0.000010 0.000010 0.000010 0.429269 0.000010 0.000010 0.000010 0.570661 0.000010
0.000010 0.000010 0.000010 0.368753 0.000010 0.000010 0.000010 0.631177 0.000010
0.000010 0.000010 0.000010 0.389868 0.000010 0.000010 0.000010 0.601842 0.008229
0.000010 0.000010 0.000010 0.351679 0.000010 0.000010 0.000010 0.648251 0.000010
0.000010 0.000010 0.006182 0.377239 0.000010 0.000010 0.000010 0.616518 0.000010
0.000010 0.000010 0.000010 0.421765 0.000010 0.000010 0.000010 0.575435 0.002740
0.000010 0.000010 0.000010 0.408071 0.000010 0.000010 0.000010 0.591859 0.000010
0.000010 0.000791 0.015394 0.366505 0.000010 0.000010 0.000010 0.617260 0.000010
0.000010 0.000010 0.000010 0.425366 0.000010 0.000010 0.000010 0.574564 0.000010
0.000010 0.000010 0.006293 0.327679 0.000010 0.000010 0.000010 0.665967 0.000010
0.000010 0.000010 0.000010 0.280206 0.000010 0.000010 0.000010 0.719724 0.000010
0.000010 0.000010 0.000010 0.343756 0.000010 0.000010 0.000010 0.656174 0.000010
0.000010 0.000010 0.000010 0.420346 0.000010 0.000010 0.000010 0.572969 0.006625
0.000010 0.000010 0.008678 0.353738 0.000010 0.000010 0.000329 0.636885 0.000329
0.000010 0.000010 0.016870 0.355930 0.000010 0.000010 0.007909 0.616242 0.003008
0.000010 0.000010 0.007888 0.337601 0.000010 0.000498 0.000010 0.653963 0.000010
0.000010 0.000010 0.005143 0.319702 0.000010 0.000010 0.000010 0.674311 0.000795
0.000010 0.004834 0.008429 0.376053 0.000010 0.000010 0.000010 0.604786 0.005857
0.000010 0.000010 0.000010 0.372349 0.000010 0.000010 0.000010 0.627581 0.000010
0.000010 0.000010 0.001277 0.382625 0.000010 0.000010 0.000010 0.609598 0.006451
0.000010 0.000010 0.000010 0.381983 0.000010 0.000010 0.000010 0.617947 0.000010
0.000010 0.000010 0.000010 0.357170 0.000010 0.000010 0.000010 0.642760 0.000010
0.000010 0.000010 0.000010 0.358900 0.000010 0.000010 0.000010 0.636183 0.004857
0.000010 0.000010 0.000010 0.323217 0.000010 0.000010 0.000010 0.676713 0.000010
0.000010 0.000010 0.000010 0.377395 0.000010 0.000010 0.000010 0.622535 0.000010
0.000010 0.000010 0.000010 0.357491 0.000010 0.000010 0.000010 0.636942 0.005507
0.000010 0.003721 0.000010 0.327703 0.000010 0.000010 0.000010 0.668516 0.000010
0.000010 0.000010 0.004485 0.361966 0.000010 0.000010 0.000010 0.633489 0.000010
0.000010 0.005263 0.000010 0.372694 0.000010 0.000010 0.000010 0.621983 0.000010
0.000010 0.000010 0.003955 0.355623 0.000010 0.000010 0.000010 0.640295 0.000077
0.000010 0.000010 0.000010 0.394174 0.000010 0.000010 0.000010 0.605756 0.000010
0.000010 0.000010 0.000010 0.316990 0.000010 0.000010 0.000010 0.682940 0.000010
0.000010 0.000010 0.000010 0.374347 0.000010 0.000010 0.000010 0.625583 0.000010
0.000010 0.000010 0.000010 0.432965 0.000010 0.000010 0.000010 0.566965 0.000010
0.000010 0.000010 0.019217 0.371140 0.000010 0.000010 0.002103 0.603014 0.004486
0.000010 0.014543 0.003617 0.326467 0.000010 0.000010 0.000010 0.653777 0.001556
0.000010 0.000010 0.003495 0.296673 0.000010 0.000010 0.000010 0.697800 0.001983
0.000010 0.000010 0.000010 0.957697 0.000010 0.000010 0.038699 0.000010 0.003545
0.000010 0.012036 0.000010 0.916720 0.000010 0.000010 0.009608 0.046938 0.014659
0.000010 0.007014 0.000010 0.777089 0.000010 0.000010 0.000601 0.215246 0.000010
0.000010 0.000010 0.000010 0.925445 0.000010 0.000010 0.034029 0.040466 0.000010
0.000010 0.014895 0.000010 0.952473 0.000010 0.000010 0.032572 0.000010 0.000010
0.000010 0.000010 0.000010 0.856352 0.000010 0.000010 0.035258 0.108330 0.000010
0.000010 0.000010 0.003895 0.887940 0.000010 0.000010 0.043547 0.058579 0.005999
0.000010 0.006446 0.016931 0.850017 0.000011 0.000010 0.023572 0.102994 0.000010
0.000010 0.000010 0.009490 0.631551 0.000010 0.000010 0.035536 0.323373 0.000010
0.000010 0.000010 0.000010 0.896745 0.000018 0.000010 0.030967 0.072220 0.000010
0.000010 0.000010 0.000010 0.944573 0.000010 0.000010 0.019188 0.031027 0.005162
0.000010 0.000010 0.011307 0.925529 0.000010 0.000010 0.038745 0.024369 0.000010
0.000010 0.007294 0.000010 0.929919 0.000010 0.000010 0.021323 0.032455 0.008970
0.000010 0.005796 0.000010 0.957730 0.000010 0.000010 0.006295 0.030129 0.000010
0.000010 0.000010 0.000010 0.907670 0.000010 0.000010 0.021060 0.068929 0.002292
0.000010 0.000010 0.000010 0.836433 0.000010 0.000010 0.034072 0.115048 0.014397
0.000010 0.015301 0.023004 0.780475 0.000010 0.000010 0.000010 0.181170 0.000010
0.000010 0.000010 0.007137 0.352501 0.000010 0.000010 0.000010 0.635798 0.004514
0.000010 0.000010 0.000010 0.345948 0.000010 0.000010 0.000010 0.653982 0.000010
0.000010 0.002712 0.000010 0.312858 0.000010 0.000010 0.000010 0.684370 0.000010
0.000010 0.000010 0.000010 0.362771 0.000010 0.000010 0.000010 0.637159 0.000010
0.000010 0.000010 0.000010 0.383541 0.000010 0.000010 0.000010 0.616389 0.000010
0.000010 0.000010 0.000010 0.380036 0.000010 0.000010 0.000010 0.619894 0.000010
0.000010 0.000010 0.010079 0.379180 0.000010 0.000010 0.000010 0.610682 0.000010
0.000010 0.000010 0.000010 0.325350 0.000010 0.000010 0.000010 0.660156 0.014434
0.000010 0.000010 0.005851 0.353657 0.000010 0.000010 0.005619 0.634823 0.000010
0.000010 0.000010 0.000010 0.355342 0.000010 0.000010 0.000010 0.632479 0.012119
0.000010 0.006886 0.000072 0.316601 0.000010 0.000010 0.000010 0.671134 0.005266
0.000010 0.000010 0.000010 0.340731 0.000010 0.000010 0.000010 0.654621 0.004589
0.000010 0.000010 0.000010 0.316378 0.000010 0.000010 0.000010 0.678600 0.004962
0.000010 0.000010 0.000010 0.328734 0.000010 0.000010 0.000010 0.671196 0.000010
0.000010 0.000010 0.000010 0.363799 0.000010 0.002471 0.000010 0.632930 0.000750
0.000010 0.000010 0.019830 0.366744 0.000010 0.000010 0.000010 0.613365 0.000010
0.000010 0.000010 0.026853 0.338370 0.000010 0.000010 0.000010 0.634717 0.000010
0.000010 0.000010 0.000010 0.404284 0.000010 0.000010 0.000010 0.595646 0.000010
0.000010 0.000010 0.000010 0.329069 0.000010 0.000010 0.000010 0.670488 0.000382
0.000010 0.000010 0.029849 0.319835 0.000010 0.000010 0.000010 0.650256 0.000010
0.000010 0.000010 0.000010 0.366442 0.000010 0.000010 0.000010 0.626665 0.006833
0.000010 0.000010 0.000010 0.359438 0.000010 0.000010 0.000010 0.640492 0.000010
0.000010 0.000010 0.000010 0.342459 0.003060 0.000010 0.000010 0.654420 0.000010
0.000010 0.000010 0.000010 0.355641 0.000010 0.000010 0.000010 0.644289 0.000010
0.000010 0.000010 0.000477 0.354319 0.000010 0.000010 0.000010 0.642640 0.002515
0.000010 0.000010 0.000010 0.362207 0.000010 0.000010 0.000010 0.637723 0.000010
0.000010 0.000010 0.002324 0.318432 0.000010 0.000010 0.000010 0.679184 0.000010
0.000010 0.000010 0.026212 0.361298 0.000010 0.000010 0.000010 0.610354 0.002086
0.000010 0.000010 0.000010 0.303943 0.000010 0.000010 0.000010 0.695987 0.000010
0.000010 0.000010 0.000010 0.343943 0.000010 0.000010 0.000010 0.652650 0.003346
0.000010 0.000010 0.009110 0.365250 0.000010 0.000010 0.000010 0.625580 0.000010
0.004059 0.000010 0.015032 0.891311 0.000010 0.000010 0.027758 0.061800 0.000010
0.000010 0.000010 0.000010 0.950789 0.000010 0.000010 0.033063 0.015439 0.000659
0.000010 0.023892 0.000010 0.777354 0.000010 0.000010 0.000010 0.196635 0.002068
0.000010 0.011051 0.000010 0.966940 0.000010 0.000010 0.000010 0.018704 0.003254
0.000010 0.019359 0.000010 0.959655 0.000010 0.000010 0.020926 0.000010 0.000010
0.000010 0.016662 0.000010 0.958765 0.000010 0.000010 0.014771 0.000010 0.009751
0.000010 0.019345 0.017610 0.810664 0.000010 0.000010 0.008796 0.142618 0.000937
0.000010 0.000010 0.000010 0.859832 0.000010 0.000010 0.018660 0.115179 0.006280
0.000010 0.000010 0.006625 0.762495 0.000010 0.000010 0.026621 0.204209 0.000010
0.004296 0.000010 0.018471 0.899461 0.000010 0.000010 0.038914 0.038818 0.000010
0.000010 0.000010 0.000011 0.741611 0.000010 0.000010 0.000010 0.239993 0.018335
0.000010 0.009705 0.012553 0.947631 0.000010 0.000010 0.004261 0.025811 0.000010
0.000010 0.003360 0.000010 0.927938 0.000010 0.000010 0.017613 0.046239 0.004810
0.000010 0.021063 0.000010 0.906818 0.000010 0.000010 0.000010 0.072059 0.000010
0.000010 0.000010 0.003102 0.838138 0.000010 0.000010 0.046938 0.111772 0.000010
0.000010 0.000010 0.000010 0.849088 0.000010 0.000010 0.036868 0.113984 0.000010
0.000010 0.000010 0.001733 0.959124 0.000010 0.000010 0.038263 0.000010 0.000830
0.000010 0.000010 0.007514 0.960799 0.000010 0.000010 0.017326 0.014149 0.000172
0.000010 0.000010 0.000010 0.981777 0.000010 0.000010 0.013988 0.000010 0.004175
0.000010 0.028269 0.000010 0.969601 0.000010 0.000010 0.002070 0.000010 0.000010
0.000010 0.022480 0.006720 0.804449 0.000010 0.000010 0.000010 0.166302 0.000010
0.000010 0.000010 0.000010 0.892663 0.000010 0.000010 0.035103 0.072174 0.000010
0.000010 0.000010 0.000010 0.842518 0.000010 0.000010 0.047546 0.109876 0.000010
0.000010 0.000010 0.000010 0.839750 0.000010 0.000010 0.018928 0.141261 0.000010
0.000010 0.000010 0.000010 0.726793 0.000010 0.000010 0.014271 0.249681 0.009205
0.000010 0.000010 0.000010 0.978546 0.000010 0.000010 0.021384 0.000010 0.000010
0.000010 0.016478 0.000010 0.920055 0.000010 0.000010 0.000010 0.050095 0.013322
0.000010 0.000010 0.000010 0.807948 0.000010 0.000010 0.006628 0.185364 0.000010
0.000018 0.000010 0.000010 0.889383 0.000010 0.000010 0.022351 0.077163 0.011044
0.000010 0.012808 0.000010 0.776440 0.000010 0.000010 0.009103 0.192434 0.009174
0.000010 0.000010 0.008047 0.864548 0.000010 0.000010 0.035979 0.080994 0.010392
0.000010 0.010119 0.024240 0.953944 0.000010 0.000010 0.011648 0.000010 0.000010
0.000010 0.000010 0.000010 0.970462 0.000010 0.000010 0.010505 0.000010 0.018973
0.000010 0.000383 0.000010 0.962620 0.000010 0.000010 0.036937 0.000010 0.000010
0.000010 0.000010 0.000010 0.913806 0.000010 0.000010 0.023704 0.062429 0.000010
0.000010 0.000010 0.000010 0.905315 0.000010 0.000010 0.044031 0.050594 0.000010
0.000010 0.009362 0.000010 0.888368 0.000010 0.000010 0.004193 0.091195 0.006842
0.000010 0.000010 0.000010 0.827433 0.000010 0.000010 0.014975 0.157531 0.000010
0.000010 0.000010 0.000010 0.822441 0.000010 0.000010 0.032051 0.145448 0.000010
0.000010 0.000010 0.000010 0.834870 0.000010 0.000010 0.013489 0.148751 0.002840
0.000010 0.002317 0.034467 0.819500 0.000010 0.000010 0.013080 0.126047 0.004561
0.000010 0.000010 0.000010 0.850443 0.000010 0.000010 0.023063 0.126434 0.000010
0.000010 0.000010 0.000010 0.903732 0.000010 0.000010 0.024662 0.071545 0.000010
0.000010 0.000010 0.000010 0.872530 0.000010 0.000010 0.032737 0.094079 0.000604
0.000010 0.000010 0.000010 0.732395 0.000010 0.000010 0.012203 0.255342 0.000010
0.000010 0.000010 0.000010 0.877774 0.000010 0.000010 0.018033 0.104133 0.000010
0.000010 0.012573 0.000010 0.886125 0.000015 0.000010 0.021862 0.079386 0.000010
0.008820 0.000010 0.000010 0.622727 0.000010 0.003647 0.024685 0.340081 0.000010
0.000010 0.000010 0.000010 0.947250 0.000010 0.000010 0.032756 0.019069 0.000875
0.000010 0.032017 0.000010 0.925150 0.000010 0.000010 0.000010 0.042624 0.000158
0.000010 0.004530 0.023890 0.634923 0.000010 0.000010 0.011840 0.324777 0.000010
0.000010 0.000481 0.000010 0.863095 0.000010 0.000010 0.027820 0.105624 0.002939
0.000010 0.002619 0.000010 0.768202 0.000010 0.000010 0.011377 0.206378 0.011385
0.000010 0.023622 0.001498 0.906315 0.000010 0.000010 0.000010 0.068515 0.000010
0.000010 0.000010 0.000010 0.665685 0.002270 0.000010 0.006317 0.325678 0.000010
0.000010 0.000010 0.000010 0.903298 0.000010 0.000010 0.041936 0.054706 0.000010
0.000010 0.000010 0.000010 0.885812 0.000010 0.000010 0.041474 0.072654 0.000010
0.000010 0.000010 0.000010 0.823070 0.000010 0.000010 0.020424 0.156447 0.000010
0.000010 0.000010 0.000010 0.862615 0.000010 0.000010 0.025242 0.106150 0.005943
0.000010 0.000010 0.000010 0.851526 0.000010 0.000010 0.010059 0.130901 0.007464
0.000010 0.000010 0.000010 0.982806 0.000010 0.000010 0.017124 0.000010 0.000010
0.000010 0.006634 0.007397 0.799145 0.000010 0.000010 0.003738 0.183046 0.000010
0.000010 0.005196 0.000010 0.968745 0.000010 0.000010 0.025998 0.000010 0.000010
0.000010 0.000010 0.000010 0.913866 0.000010 0.000010 0.022875 0.063198 0.000010
0.000010 0.018078 0.000010 0.887316 0.000010 0.000010 0.011754 0.073262 0.009551
0.000010 0.000010 0.000010 0.980022 0.000010 0.000010 0.012606 0.000010 0.007312
0.000010 0.000010 0.018319 0.879622 0.000010 0.000010 0.000010 0.079234 0.022775
0.000010 0.004326 0.000010 0.840493 0.000010 0.000010 0.043817 0.098857 0.012466
0.000010 0.000010 0.000010 0.976510 0.000010 0.000010 0.023420 0.000010 0.000010
0.000010 0.000010 0.000010 0.977623 0.000010 0.000010 0.017380 0.000010 0.004937
0.000010 0.010485 0.000010 0.882499 0.000010 0.000010 0.021534 0.084331 0.001111
0.000010 0.000010 0.000010 0.883057 0.000010 0.000010 0.019924 0.090333 0.006637
0.000010 0.015434 0.000010 0.916401 0.000010 0.000010 0.000010 0.053325 0.014790
0.000010 0.000010 0.010804 0.857079 0.000010 0.000010 0.002362 0.129704 0.000010
0.000010 0.012481 0.000010 0.922134 0.000010 0.000010 0.010141 0.055194 0.000010
0.000010 0.000010 0.000010 0.857881 0.000010 0.000010 0.010856 0.123292 0.007920
0.000010 0.000010 0.000010 0.705609 0.000010 0.000010 0.015569 0.278762 0.000010
0.000010 0.027322 0.000010 0.897963 0.000010 0.000010 0.000010 0.074655 0.000010
0.000010 0.000010 0.000010 0.972171 0.000010 0.000010 0.011427 0.000010 0.016342
0.000010 0.000010 0.000010 0.964771 0.000010 0.000010 0.035159 0.000010 0.000010
0.000010 0.000010 0.000010 0.882458 0.000010 0.000010 0.003998 0.098992 0.014502
0.000010 0.591819 0.000010 0.000010 0.000010 0.000010 0.404857 0.000010 0.003264
0.000010 0.610666 0.000010 0.000010 0.000010 0.000010 0.384659 0.000010 0.004615
0.000010 0.606510 0.000010 0.000010 0.000010 0.000010 0.393420 0.000010 0.000010
0.000010 0.617883 0.000010 0.000010 0.000010 0.000010 0.382047 0.000010 0.000010
0.000010 0.555765 0.000417 0.000471 0.000010 0.000010 0.443297 0.000010 0.000010
0.000010 0.593785 0.000010 0.000010 0.000010 0.000010 0.406145 0.000010 0.000010
0.000010 0.655343 0.000010 0.000010 0.000010 0.000010 0.344587 0.000010 0.000010
0.000010 0.557979 0.000010 0.004990 0.000010 0.000010 0.436972 0.000010 0.000010
0.000010 0.581047 0.000010 0.000010 0.000010 0.000010 0.418883 0.000010 0.000010
0.000010 0.619102 0.000010 0.000010 0.000010 0.000010 0.380828 0.000010 0.000010
0.000010 0.647721 0.000010 0.000010 0.000010 0.000010 0.345286 0.000010 0.006933
0.000010 0.561057 0.000010 0.000010 0.000010 0.000010 0.438873 0.000010 0.000010
0.000010 0.659231 0.000010 0.000010 0.000010 0.000010 0.340699 0.000010 0.000010
0.000010 0.604320 0.000010 0.000010 0.000010 0.000010 0.395610 0.000010 0.000010
0.000010 0.560181 0.000010 0.000010 0.000010 0.000010 0.439749 0.000010 0.000010
0.000010 0.528484 0.000010 0.000010 0.000010 0.000010 0.465563 0.000010 0.005892
0.000010 0.620937 0.000010 0.000010 0.000010 0.000010 0.378993 0.000010 0.000010
0.000010 0.545618 0.000010 0.000010 0.000010 0.000010 0.448400 0.000010 0.005922
0.000010 0.572998 0.000010 0.000010 0.000010 0.000010 0.426932 0.000010 0.000010
0.000010 0.571370 0.000010 0.000010 0.000010 0.000010 0.428560 0.000010 0.000010
0.000010 0.630437 0.000010 0.000010 0.000010 0.000010 0.369493 0.000010 0.000010
0.000010 0.557585 0.000010 0.000010 0.000010 0.000010 0.442345 0.000010 0.000010
0.000010 0.599737 0.000010 0.000010 0.000010 0.000010 0.400193 0.000010 0.000010
0.000010 0.567179 0.000010 0.000010 0.000010 0.000010 0.428537 0.000010 0.004223
0.000010 0.575681 0.000010 0.000010 0.000010 0.000010 0.424249 0.000010 0.000010
0.000010 0.564721 0.000010 0.000010 0.000010 0.000010 0.435209 0.000010 0.000010
0.000010 0.560149 0.000010 0.000010 0.000010 0.000010 0.431889 0.000010 0.007902
0.000010 0.603382 0.000010 0.000010 0.000010 0.000010 0.396548 0.000010 0.000010
0.000010 0.585250 0.000010 0.000010 0.000010 0.000010 0.414680 0.000010 0.000010
0.000010 0.602766 0.000010 0.000010 0.000010 0.000010 0.397164 0.000010 0.000010
0.000010 0.530294 0.000010 0.000010 0.000010 0.000010 0.469636 0.000010 0.000010
0.000010 0.591249 0.000010 0.000010 0.000010 0.000010 0.408681 0.000010 0.000010
0.000010 0.575847 0.000010 0.000010 0.000010 0.000010 0.424083 0.000010 0.000010
0.000010 0.519969 0.000010 0.000010 0.000010 0.000010 0.478136 0.000010 0.001835
0.000010 0.606410 0.000010 0.000010 0.000010 0.000010 0.386870 0.000010 0.006660
0.000010 0.588136 0.000010 0.000010 0.000010 0.000010 0.406909 0.000010 0.004895
0.000010 0.590801 0.000010 0.000010 0.000010 0.000010 0.409129 0.000010 0.000010
0.000010 0.566747 0.000010 0.000010 0.000010 0.000010 0.433183 0.000010 0.000010
0.000010 0.613074 0.000010 0.000010 0.000010 0.000010 0.386856 0.000010 0.000010
0.000010 0.562191 0.000010 0.000010 0.000010 0.000010 0.437739 0.000010 0.000010
0.000010 0.584785 0.000010 0.000010 0.000010 0.000010 0.412898 0.000010 0.002257
0.000010 0.635408 0.000010 0.000014 0.000010 0.000010 0.357517 0.000010 0.007010
0.021424 0.000010 0.000010 0.000010 0.064825 0.000010 0.016606 0.756615 0.140490
0.086775 0.008699 0.027804 0.000010 0.066657 0.027308 0.000010 0.586342 0.196395
0.018268 0.000010 0.058202 0.019116 0.000010 0.059625 0.009382 0.719789 0.115598
0.000010 0.535536 0.000010 0.000010 0.000010 0.000010 0.464394 0.000010 0.000010
0.000010 0.567386 0.000010 0.000010 0.000010 0.000010 0.432544 0.000010 0.000010
0.000010 0.456879 0.000010 0.000010 0.000010 0.000010 0.543051 0.000010 0.000010
0.000010 0.573739 0.000010 0.000010 0.000010 0.000010 0.426191 0.000010 0.000010
0.000010 0.540020 0.000010 0.000010 0.000010 0.000010 0.458457 0.000010 0.001463
0.000010 0.592715 0.000010 0.000010 0.000010 0.000010 0.407102 0.000010 0.000123
0.000010 0.530054 0.000010 0.000010 0.000010 0.000010 0.469876 0.000010 0.000010
0.000010 0.497974 0.000010 0.000010 0.000010 0.000010 0.501956 0.000010 0.000010
0.000010 0.652634 0.000010 0.000010 0.000010 0.000010 0.344472 0.000010 0.002834
0.000010 0.566593 0.000010 0.000010 0.000010 0.000010 0.433337 0.000010 0.000010
0.000010 0.477378 0.000010 0.000010 0.000010 0.000010 0.509874 0.000010 0.012688
0.000010 0.621786 0.009719 0.000010 0.000010 0.000010 0.368435 0.000010 0.000010
0.000010 0.349315 0.000010 0.012771 0.000010 0.000010 0.629119 0.000010 0.008745
0.000010 0.578008 0.000010 0.000010 0.000010 0.000010 0.421922 0.000010 0.000010
0.000010 0.553380 0.000010 0.000010 0.000010 0.000010 0.446550 0.000010 0.000010
0.000010 0.553811 0.000010 0.000010 0.000010 0.000010 0.446119 0.000010 0.000010
0.000010 0.591283 0.000010 0.000010 0.000010 0.000010 0.408647 0.000010 0.000010
0.000010 0.450846 0.000010 0.000010 0.000010 0.000010 0.549084 0.000010 0.000010
0.000010 0.530493 0.000010 0.000010 0.000010 0.000010 0.469437 0.000010 0.000010
0.000010 0.641709 0.000010 0.000010 0.000010 0.000010 0.358221 0.000010 0.000010
0.000010 0.544976 0.000010 0.000010 0.000010 0.000010 0.454954 0.000010 0.000010
0.000010 0.487494 0.000010 0.000010 0.000010 0.000010 0.504432 0.000010 0.008015
0.000010 0.589046 0.000010 0.000010 0.000010 0.000010 0.410884 0.000010 0.000010
0.000010 0.537742 0.000010 0.000010 0.000010 0.000010 0.462188 0.000010 0.000010
0.000010 0.518511 0.000010 0.000010 0.000010 0.000010 0.476439 0.000010 0.004990
0.000010 0.592997 0.000010 0.000010 0.000010 0.000010 0.406933 0.000010 0.000010
0.007821 0.591345 0.000010 0.000010 0.000010 0.000010 0.396894 0.003890 0.000010
0.000010 0.525757 0.000010 0.000010 0.000010 0.000010 0.474173 0.000010 0.000010
0.000010 0.613064 0.000010 0.000010 0.000010 0.000010 0.386866 0.000010 0.000010
0.000010 0.551799 0.000010 0.000010 0.000010 0.000010 0.448131 0.000010 0.000010
0.000010 0.576859 0.000010 0.000010 0.000010 0.000010 0.421293 0.000010 0.001788
0.000010 0.551250 0.000010 0.000010 0.000010 0.000010 0.448680 0.000010 0.000010
0.000010 0.556549 0.000010 0.000010 0.000010 0.000010 0.443381 0.000010 0.000010
0.000010 0.574304 0.000010 0.000010 0.000010 0.000010 0.425626 0.000010 0.000010
0.000010 0.557280 0.000010 0.000010 0.000010 0.000010 0.442650 0.000010 0.000010
0.008070 0.010772 0.026241 0.071681 0.099441 0.035181 0.023455 0.603161 0.121998
0.000010 0.000010 0.012842 0.019342 0.099174 0.087623 0.000010 0.624995 0.155994
0.042809 0.000010 0.000010 0.006753 0.043639 0.000010 0.013272 0.791629 0.101868
0.025953 0.000010 0.022578 0.000010 0.061145 0.000010 0.005469 0.701259 0.183565
0.000010 0.762495 0.000010 0.000010 0.000010 0.000010 0.237435 0.000010 0.000010
0.000010 0.688171 0.000010 0.000010 0.000010 0.000010 0.308325 0.000010 0.003443
0.000010 0.691353 0.006822 0.000010 0.000010 0.000010 0.301765 0.000010 0.000010
0.000010 0.675764 0.000010 0.000010 0.000010 0.000010 0.324166 0.000010 0.000010
0.000010 0.667325 0.000010 0.006006 0.000010 0.000010 0.326609 0.000010 0.000010
0.000010 0.695619 0.001373 0.002182 0.000016 0.000010 0.300770 0.000010 0.000010
0.000010 0.707383 0.000010 0.000010 0.000010 0.000010 0.285844 0.000010 0.006713
0.000010 0.713908 0.000010 0.000010 0.000010 0.000010 0.286022 0.000010 0.000010
0.000010 0.636207 0.000010 0.000010 0.000010 0.000010 0.363723 0.000010 0.000010
0.000010 0.695674 0.000010 0.000010 0.000010 0.000010 0.304256 0.000010 0.000010
0.000010 0.739576 0.000010 0.000010 0.000010 0.000010 0.260354 0.000010 0.000010
0.000010 0.666478 0.000010 0.000010 0.000010 0.000010 0.333452 0.000010 0.000010
0.000010 0.716235 0.000010 0.000010 0.000010 0.000010 0.283695 0.000010 0.000010
0.000010 0.696945 0.000010 0.000010 0.000010 0.000010 0.302985 0.000010 0.000010
0.000010 0.635587 0.000010 0.000010 0.000010 0.000010 0.357219 0.000010 0.007134
0.000010 0.706668 0.000013 0.000010 0.000010 0.000010 0.293259 0.000010 0.000010
0.000010 0.724065 0.000010 0.000010 0.000010 0.000010 0.275865 0.000010 0.000010
0.000010 0.653753 0.000010 0.002810 0.000010 0.000010 0.335163 0.000010 0.008224
0.000010 0.687238 0.000010 0.000010 0.000010 0.000010 0.312692 0.000010 0.000010
0.000010 0.619504 0.000010 0.000010 0.000010 0.000010 0.380426 0.000010 0.000010
0.000010 0.681095 0.000010 0.000010 0.000010 0.000010 0.318835 0.000010 0.000010
0.000010 0.649765 0.000010 0.000010 0.000010 0.000010 0.350165 0.000010 0.000010
0.000010 0.717842 0.000010 0.000010 0.000010 0.000010 0.272845 0.000010 0.009253
0.000010 0.687174 0.000010 0.000010 0.000010 0.000010 0.312756 0.000010 0.000010
0.000010 0.688361 0.000010 0.000010 0.000010 0.000010 0.311569 0.000010 0.000010
0.000010 0.704260 0.000010 0.000010 0.000010 0.000010 0.288663 0.000010 0.007017
0.000010 0.714162 0.000010 0.000010 0.000010 0.000010 0.285768 0.000010 0.000010
0.000010 0.657113 0.000010 0.000010 0.000010 0.000010 0.342817 0.000010 0.000010
0.012304 0.000010 0.000010 0.069092 0.015521 0.000010 0.026506 0.804128 0.072419
0.009603 0.001272 0.000010 0.002580 0.030102 0.011001 0.026478 0.773884 0.145070
0.020963 0.005893 0.000010 0.073985 0.077801 0.020892 0.020817 0.590922 0.188717
0.035645 0.011979 0.000010 0.052886 0.012016 0.014799 0.006853 0.744111 0.121701
0.008120 0.000010 0.000010 0.066895 0.041489 0.033175 0.003315 0.732145 0.114840
0.014565 0.000010 0.000010 0.210912 0.028615 0.000010 0.000010 0.674971 0.070896
0.018359 0.027139 0.000010 0.029384 0.013628 0.083982 0.000010 0.682854 0.144634
0.021191 0.000010 0.000010 0.027133 0.000658 0.052102 0.000010 0.828691 0.070194
0.010890 0.021824 0.000010 0.000010 0.026712 0.049330 0.000010 0.662541 0.228674
0.000010 0.962395 0.000010 0.000010 0.000010 0.000010 0.029801 0.000010 0.007745
0.000010 0.984284 0.000010 0.000010 0.000010 0.000010 0.015646 0.000010 0.000010
0.000010 0.987345 0.000010 0.000010 0.000010 0.000010 0.005762 0.000010 0.006833
0.000010 0.978570 0.000010 0.000010 0.000010 0.000010 0.018048 0.000010 0.003322
0.000010 0.914260 0.008755 0.000017 0.000010 0.000010 0.076919 0.000010 0.000010
0.000010 0.999751 0.000010 0.000010 0.000010 0.000010 0.000179 0.000010 0.000010
0.000010 0.999920 0.000010 0.000010 0.000010 0.000010 0.000010 0.000010 0.000010
0.000010 0.999910 0.000010 0.000010 0.000020 0.000010 0.000010 0.000010 0.000010
0.000010 0.926310 0.000280 0.000010 0.000010 0.000010 0.062262 0.000010 0.011098
0.000010 0.926852 0.000579 0.000010 0.000010 0.000010 0.072509 0.000010 0.000010
0.000010 0.974707 0.000010 0.000010 0.000010 0.000010 0.025223 0.000010 0.000010
0.000010 0.999920 0.000010 0.000010 0.000010 0.000010 0.000010 0.000010 0.000010
0.000010 0.999920 0.000010 0.000010 0.000010 0.000010 0.000010 0.000010 0.000010
0.000010 0.999920 0.000010 0.000010 0.000010 0.000010 0.000010 0.000010 0.000010
0.000010 0.994925 0.000010 0.000010 0.000010 0.000010 0.001984 0.000010 0.003031
0.045940 0.000459 0.021278 0.077343 0.010562 0.030123 0.000010 0.699545 0.114741
0.041156 0.000010 0.000010 0.030273 0.070684 0.000010 0.022248 0.689727 0.145882
0.084360 0.006009 0.000010 0.041014 0.047523 0.102357 0.000010 0.563714 0.155003
0.028758 0.000010 0.024447 0.004162 0.096174 0.076603 0.008860 0.561548 0.199438
0.090188 0.016666 0.001221 0.047953 0.048869 0.105386 0.000010 0.511695 0.178013
0.001603 0.008716 0.000010 0.000010 0.027723 0.032309 0.000860 0.749191 0.179577
0.030338 0.000010 0.006332 0.028127 0.096970 0.000010 0.007179 0.721912 0.109123
0.000010 0.011363 0.002687 0.089151 0.126153 0.001524 0.000010 0.628235 0.140866
0.059160 0.008342 0.000010 0.079117 0.013177 0.014678 0.002999 0.705764 0.116753
0.000010 0.000010 0.000010 0.008013 0.070863 0.006027 0.014786 0.754190 0.146092
0.008289 0.019432 0.000010 0.006258 0.181839 0.156467 0.000010 0.487292 0.140403
0.052066 0.012867 0.000010 0.007331 0.114290 0.000010 0.014398 0.684648 0.114380
0.046234 0.000010 0.000010 0.074687 0.039823 0.000010 0.009860 0.696737 0.132628
0.053872 0.009623 0.000010 0.000010 0.028768 0.000010 0.017180 0.747240 0.143286
0.058095 0.000010 0.019336 0.000010 0.028773 0.000010 0.004547 0.729291 0.159928
0.018486 0.015204 0.002131 0.049657 0.051376 0.000010 0.000010 0.709892 0.153234
0.011000 0.014647 0.010126 0.000010 0.052666 0.005815 0.000010 0.762255 0.143471
0.027011 0.015402 0.000010 0.000010 0.068267 0.000010 0.000010 0.741724 0.147556
0.000010 0.000010 0.043731 0.015675 0.049582 0.033671 0.022237 0.784776 0.050307
0.024312 0.000010 0.027000 0.018553 0.159450 0.026063 0.032916 0.536803 0.174892
0.035881 0.000010 0.017404 0.018452 0.000010 0.139307 0.000010 0.645042 0.143884
0.043524 0.004320 0.011278 0.000010 0.031956 0.015201 0.003917 0.658930 0.230864
0.000010 0.014963 0.035854 0.059711 0.059760 0.141371 0.000010 0.529764 0.158557
0.000010 0.001688 0.008150 0.017857 0.031507 0.064955 0.024319 0.697606 0.153907
0.087023 0.036867 0.000010 0.000010 0.030445 0.000010 0.000010 0.723701 0.121924
0.000014 0.006443 0.014510 0.011069 0.006279 0.120811 0.000010 0.633701 0.207162
0.058255 0.000010 0.000010 0.100563 0.022609 0.120223 0.009320 0.562338 0.126673
0.063877 0.000010 0.007440 0.018989 0.051244 0.037082 0.005455 0.663201 0.152701
0.000010 0.000010 0.012517 0.000010 0.094618 0.158002 0.011696 0.588426 0.134711
0.024453 0.000010 0.018592 0.003387 0.067087 0.026357 0.020499 0.714688 0.124928
0.000010 0.000010 0.007756 0.021824 0.000010 0.100818 0.011838 0.715336 0.142397
0.060721 0.014802 0.000010 0.030228 0.021424 0.013450 0.008910 0.689308 0.161147
0.000010 0.014750 0.000010 0.024582 0.096352 0.003971 0.000010 0.709573 0.150742
0.020965 0.015532 0.000010 0.000010 0.040153 0.091826 0.007135 0.650051 0.174318
0.046929 0.003870 0.014939 0.052281 0.061578 0.072547 0.000010 0.621032 0.126814
0.052509 0.011421 0.000010 0.015707 0.000010 0.044450 0.000010 0.736509 0.139374
0.037458 0.010784 0.000010 0.117154 0.015904 0.033098 0.000010 0.698972 0.086610
0.105234 0.021759 0.000010 0.000010 0.043666 0.086725 0.000010 0.642127 0.100459
0.000010 0.000010 0.000563 0.073144 0.060081 0.066814 0.007250 0.643172 0.148957
0.037444 0.013202 0.000010 0.090789 0.058135 0.022843 0.000010 0.643299 0.134268
0.025675 0.000010 0.001411 0.028068 0.000010 0.000319 0.000010 0.866956 0.077541
0.007685 0.011526 0.000010 0.022213 0.000010 0.000010 0.001107 0.670475 0.286964
0.008379 0.000010 0.000010 0.062618 0.023014 0.000010 0.000010 0.787007 0.118942
0.000010 0.000010 0.023980 0.041164 0.000010 0.036999 0.021578 0.583449 0.292801
0.048678 0.000010 0.003973 0.069645 0.000010 0.031714 0.000010 0.617572 0.228387
0.021228 0.001263 0.000010 0.055583 0.022560 0.098013 0.024140 0.476125 0.301078
0.086602 0.000010 0.000010 0.067000 0.000010 0.000010 0.030332 0.560819 0.255208
0.023182 0.000010 0.000010 0.046569 0.026925 0.021806 0.000010 0.612119 0.269369
0.004807 0.000010 0.000010 0.000010 0.000010 0.051325 0.030949 0.656720 0.256159
0.018937 0.008856 0.000010 0.072473 0.000010 0.000010 0.000010 0.719920 0.179774
0.073763 0.017600 0.000010 0.030204 0.000010 0.045364 0.016614 0.596375 0.220060
0.000010 0.000010 0.000010 0.015376 0.081495 0.016055 0.000010 0.609872 0.277162
0.000010 0.028937 0.000010 0.014337 0.000010 0.023111 0.000010 0.615381 0.318194
0.005022 0.000010 0.016647 0.016995 0.101396 0.069359 0.010474 0.479110 0.300987
0.008417 0.000010 0.026991 0.020130 0.012490 0.016425 0.003928 0.622086 0.289523
0.000010 0.026380 0.000010 0.000010 0.064546 0.109892 0.000010 0.422994 0.376148
0.044320 0.010284 0.000010 0.064182 0.013434 0.000010 0.000010 0.613343 0.254406
0.007023 0.033326 0.022689 0.000010 0.005951 0.093723 0.005571 0.395599 0.436107
0.008305 0.020309 0.005639 0.000010 0.091978 0.068510 0.000010 0.638449 0.166790
0.039446 0.000010 0.000010 0.000010 0.071277 0.000010 0.013239 0.714232 0.161767
0.062068 0.000010 0.000578 0.028920 0.053597 0.000010 0.000010 0.722750 0.132057
0.028383 0.000010 0.000010 0.058507 0.080414 0.114360 0.008745 0.554922 0.154648
0.016363 0.000010 0.044108 0.002870 0.000010 0.021602 0.000708 0.843948 0.070381
0.036793 0.020064 0.003647 0.052306 0.083258 0.000010 0.000010 0.643901 0.160010
0.039881 0.000010 0.013852 0.042954 0.096476 0.061337 0.020864 0.591426 0.133199
0.004287 0.015652 0.000010 0.000075 0.069531 0.000010 0.000010 0.850034 0.060391
0.000010 0.000010 0.000777 0.038407 0.000010 0.058194 0.025421 0.761408 0.115763
0.006221 0.015553 0.000010 0.033008 0.013226 0.063619 0.019900 0.674261 0.174203
0.016415 0.008098 0.000010 0.053135 0.067221 0.000010 0.032760 0.629287 0.193064
0.000010 0.016607 0.000010 0.078230 0.154335 0.000010 0.012949 0.594277 0.143572
0.016162 0.000010 0.000010 0.000010 0.083433 0.019003 0.042405 0.680468 0.158498
0.031231 0.000010 0.000010 0.018460 0.146161 0.037646 0.008027 0.512918 0.245537
0.056434 0.000010 0.028784 0.000010 0.150744 0.030665 0.026364 0.509912 0.197076
0.014010 0.000010 0.000010 0.016558 0.082113 0.075582 0.018178 0.570387 0.223151
0.039178 0.000010 0.008775 0.040687 0.072731 0.000010 0.001791 0.622053 0.214765
0.000010 0.000010 0.000010 0.025439 0.042532 0.021766 0.001813 0.748249 0.160171
0.018907 0.000010 0.000010 0.000010 0.112530 0.062610 0.010532 0.638945 0.156446
0.003491 0.000010 0.000010 0.000010 0.040569 0.010347 0.020843 0.818754 0.105965
0.030773 0.031245 0.007477 0.053508 0.035598 0.043609 0.000010 0.680853 0.116927
0.004992 0.002554 0.022394 0.038859 0.104565 0.010537 0.007544 0.686548 0.122007
0.121488 0.008676 0.018163 0.051923 0.015801 0.051049 0.007514 0.545701 0.179684
0.012261 0.013727 0.015653 0.000010 0.092288 0.016831 0.000010 0.726910 0.122309
0.031009 0.000010 0.005017 0.046876 0.047420 0.000010 0.013535 0.530977 0.325146
0.018152 0.023496 0.000010 0.052092 0.000010 0.003769 0.000010 0.655944 0.246517
0.000010 0.000010 0.000010 0.000666 0.038999 0.015100 0.022298 0.676436 0.246471
0.057379 0.034576 0.000010 0.006811 0.067402 0.056403 0.003176 0.493184 0.281059
0.000010 0.000010 0.007802 0.062802 0.013551 0.000010 0.000010 0.728259 0.187546
0.000010 0.000010 0.007618 0.095699 0.000010 0.011895 0.000010 0.559990 0.324758
0.000010 0.015834 0.000010 0.074646 0.019120 0.011002 0.000010 0.754253 0.125115
0.046822 0.000010 0.008752 0.000010 0.048327 0.027007 0.015873 0.542283 0.310916
0.040161 0.019361 0.000010 0.000010 0.029544 0.000010 0.007023 0.627851 0.276031
0.046494 0.011959 0.011129 0.000010 0.018197 0.016781 0.000010 0.630184 0.265237
0.083285 0.024455 0.007872 0.033338 0.009679 0.095504 0.000010 0.458192 0.287665
0.000010 0.003899 0.000010 0.000010 0.010984 0.000010 0.023399 0.609477 0.352202
0.021073 0.014352 0.000010 0.004870 0.000010 0.002129 0.000010 0.667140 0.290407
0.000010 0.021681 0.000010 0.000241 0.024988 0.000010 0.012391 0.684340 0.256329
0.018278 0.030717 0.000010 0.000010 0.006288 0.052599 0.001603 0.657941 0.232554
0.056420 0.000010 0.000010 0.000361 0.112655 0.064607 0.004160 0.606356 0.155421
0.033075 0.025916 0.000010 0.000010 0.075670 0.020663 0.000010 0.644891 0.199755
0.012263 0.016687 0.030862 0.014378 0.115926 0.000010 0.015705 0.630523 0.163647
0.062972 0.000010 0.003876 0.041987 0.005424 0.099299 0.036542 0.594210 0.155680
0.017955 0.005377 0.024339 0.000010 0.064446 0.161289 0.012265 0.570044 0.144274
0.051024 0.023646 0.007254 0.046447 0.028294 0.018807 0.000010 0.733278 0.091239
0.028055 0.000010 0.008186 0.021183 0.078926 0.006647 0.004973 0.698004 0.154016
0.020231 0.028360 0.000010 0.041523 0.042432 0.049686 0.000987 0.660413 0.156358
0.000010 0.009555 0.000010 0.010327 0.050822 0.076991 0.002399 0.746858 0.103028
0.000010 0.026293 0.000010 0.000010 0.074053 0.029193 0.000010 0.681979 0.188442
0.000010 0.000010 0.000010 0.353567 0.000010 0.000010 0.000010 0.633071 0.013302
0.000010 0.012173 0.000768 0.019225 0.000010 0.011923 0.011934 0.351870 0.592087
0.042320 0.046342 0.000014 0.029237 0.087088 0.236002 0.000010 0.361089 0.197897
0.031760 0.000010 0.004107 0.106129 0.000010 0.000847 0.004351 0.449736 0.403050
0.000010 0.015474 0.004201 0.023357 0.051525 0.001735 0.006076 0.665584 0.232038
0.000010 0.000010 0.008779 0.041924 0.011799 0.041099 0.016556 0.466995 0.412828
0.015452 0.000010 0.015484 0.010871 0.013331 0.049656 0.000010 0.491514 0.403672
0.022782 0.000010 0.009909 0.023476 0.000010 0.000010 0.022479 0.648604 0.272720
0.015468 0.000010 0.008515 0.008655 0.000010 0.015715 0.000010 0.738463 0.213155
0.000010 0.000608 0.004264 0.000010 0.022232 0.000010 0.000010 0.790094 0.182761
0.031398 0.000010 0.005185 0.027043 0.000010 0.010751 0.011951 0.586151 0.327501
0.000010 0.000010 0.000010 0.092337 0.026241 0.000104 0.025256 0.580594 0.275437
0.000010 0.000010 0.010015 0.050010 0.034111 0.007345 0.031956 0.616898 0.249645
0.035132 0.023704 0.021940 0.000010 0.025859 0.001828 0.000010 0.666579 0.224938
0.035222 0.000010 0.011554 0.008491 0.000010 0.122302 0.013146 0.580289 0.228976
0.017638 0.030032 0.000010 0.034796 0.003403 0.153484 0.000010 0.432607 0.328020
0.003655 0.014528 0.016598 0.052489 0.016691 0.131816 0.000010 0.498091 0.266122
0.038022 0.000010 0.000010 0.017132 0.087855 0.001848 0.011246 0.567161 0.276716
0.029083 0.000237 0.014875 0.000010 0.030471 0.069409 0.010184 0.324384 0.521346
0.024330 0.019845 0.000010 0.002460 0.010726 0.000010 0.005773 0.603890 0.332957
0.000010 0.000010 0.000010 0.023139 0.017602 0.000010 0.000010 0.693336 0.265874
0.019125 0.000010 0.000010 0.005751 0.055190 0.061365 0.029903 0.535401 0.293245
0.000010 0.000010 0.000010 0.006357 0.040619 0.064789 0.030660 0.558967 0.298579
0.001741 0.008749 0.017979 0.020273 0.035121 0.006589 0.018259 0.519306 0.371984
0.000010 0.000010 0.000010 0.074725 0.000010 0.043066 0.000010 0.628059 0.254100
0.016721 0.000010 0.000010 0.005841 0.000010 0.036232 0.020734 0.701024 0.219418
0.049815 0.029458 0.001407 0.016538 0.000010 0.018852 0.000010 0.737336 0.146573
0.027504 0.015067 0.000010 0.000010 0.111310 0.143361 0.000010 0.387892 0.314836
0.000019 0.000010 0.004274 0.045023 0.112135 0.051398 0.022792 0.600800 0.163549
0.057733 0.025792 0.000010 0.014588 0.085783 0.073366 0.003077 0.591298 0.148354
0.007157 0.010849 0.000010 0.018005 0.000010 0.073020 0.003756 0.756144 0.131050
0.037143 0.000010 0.031744 0.000010 0.064135 0.066863 0.030731 0.569103 0.200261
0.050972 0.000010 0.021449 0.005742 0.143884 0.000010 0.000010 0.605293 0.172630
0.000010 0.000010 0.008399 0.020371 0.038592 0.109436 0.004393 0.604662 0.214127
0.035988 0.003899 0.008205 0.040401 0.046625 0.089233 0.016491 0.582466 0.176691
0.027717 0.013573 0.000010 0.021792 0.000010 0.072901 0.015419 0.742811 0.105768
0.055815 0.000010 0.000010 0.047165 0.023424 0.012344 0.000010 0.638313 0.222908
0.060706 0.019725 0.005665 0.015637 0.082205 0.000010 0.000010 0.633156 0.182886
0.011399 0.025084 0.001884 0.107245 0.078306 0.036242 0.000010 0.570984 0.168847
0.000010 0.000010 0.030830 0.000010 0.065288 0.048720 0.011362 0.560230 0.283540
0.000010 0.015314 0.000010 0.000010 0.014380 0.022300 0.000010 0.699317 0.248650
0.013192 0.000010 0.017500 0.000010 0.026545 0.000010 0.019595 0.392978 0.530160
0.000010 0.005304 0.000010 0.012484 0.011378 0.000010 0.015802 0.825507 0.129496
0.084915 0.013004 0.000010 0.093596 0.020404 0.078748 0.000010 0.482944 0.226371
0.038524 0.000010 0.000010 0.000010 0.000010 0.000010 0.036017 0.518646 0.406763
0.039727 0.000010 0.000010 0.000010 0.002892 0.000010 0.027039 0.381312 0.548990
0.051439 0.000010 0.009582 0.092577 0.007740 0.036712 0.036039 0.489444 0.276457
0.037080 0.000010 0.000558 0.000233 0.038987 0.000010 0.037939 0.645038 0.240145
0.040212 0.000010 0.000010 0.046886 0.000010 0.000010 0.007708 0.502088 0.403066
0.000010 0.018812 0.000010 0.031652 0.000010 0.056669 0.000010 0.504431 0.388396
0.000010 0.000010 0.013248 0.014577 0.023406 0.015965 0.012109 0.501957 0.418718
0.000010 0.000010 0.016800 0.017148 0.095335 0.073357 0.012605 0.399426 0.385310
0.009121 0.000010 0.000011 0.000010 0.098895 0.174237 0.025802 0.378458 0.313456
0.018151 0.000010 0.000010 0.001762 0.068959 0.104273 0.000010 0.480709 0.326117
0.000010 0.003170 0.013612 0.000010 0.022094 0.000010 0.000010 0.760746 0.200337
0.000010 0.001565 0.015651 0.000010 0.021701 0.002139 0.000010 0.757867 0.201047
0.021225 0.000010 0.000010 0.062544 0.000010 0.000010 0.000010 0.751640 0.164540
0.016342 0.006507 0.002722 0.012550 0.015300 0.000010 0.000010 0.807162 0.139397
0.090611 0.002407 0.007586 0.046489 0.118894 0.149003 0.013333 0.295968 0.275709
0.000010 0.000010 0.002027 0.000010 0.016169 0.034744 0.003806 0.595630 0.347594
0.047525 0.000010 0.016746 0.069424 0.023249 0.089429 0.000010 0.617501 0.136104
0.017797 0.000010 0.012268 0.067273 0.000010 0.000010 0.000010 0.764732 0.137890
0.008575 0.025799 0.000010 0.001296 0.007366 0.000010 0.000010 0.789933 0.167001
0.000010 0.021177 0.004392 0.000010 0.007887 0.023252 0.010740 0.733213 0.199320
0.049393 0.000010 0.018760 0.000010 0.035809 0.021996 0.011763 0.443075 0.419185
0.000010 0.000010 0.000010 0.016160 0.067035 0.058190 0.029761 0.450504 0.378320
