0.000010 0.000010 0.000010 0.385096 0.000010 0.000010 0.000010 0.614834 0.000010
0.000010 0.000010 0.000010 0.348557 0.000010 0.000010 0.000010 0.651373 0.000010
0.000010 0.000010 0.000010 0.365926 0.000010 0.000010 0.000010 0.634004 0.000010
0.000010 0.000010 0.003924 0.334965 0.000010 0.000010 0.000010 0.661051 0.000010
0.000010 0.000010 0.000010 0.357446 0.000010 0.000010 0.000010 0.642484 0.000010
0.000010 0.000010 0.000010 0.431241 0.000010 0.000010 0.000010 0.566987 0.001711
0.000010 0.000010 0.000010 0.347782 0.000010 0.000010 0.000014 0.652145 0.000010
0.000010 0.000010 0.000010 0.350610 0.000010 0.000010 0.000010 0.647790 0.001540
0.000010 0.000010 0.009109 0.388926 0.000010 0.000010 0.000010 0.601905 0.000010
0.000010 0.000010 0.000010 0.399572 0.000010 0.000010 0.000010 0.598174 0.002194
0.000010 0.000010 0.000010 0.396952 0.000010 0.000010 0.000010 0.602978 0.000010
0.000010 0.000010 0.000010 0.315729 0.000010 0.000010 0.000010 0.684201 0.000010
0.000010 0.000010 0.000010 0.400515 0.000010 0.000010 0.000010 0.599415 0.000010
0.000010 0.000010 0.009850 0.393031 0.000010 0.000010 0.000010 0.597059 0.000010
0.000010 0.000010 0.000010 0.405215 0.000010 0.000010 0.000010 0.594715 0.000010
0.000010 0.000010 0.005740 0.387854 0.000010 0.000010 0.000010 0.606346 0.000010
0.000010 0.000010 0.000010 0.381930 0.000010 0.000010 0.000010 0.618000 0.000010
0.000010 0.000010 0.000010 0.402964 0.000010 0.000010 0.000010 0.596966 0.000010
0.000010 0.000010 0.000010 0.368551 0.000010 0.000010 0.000010 0.631379 0.000010
0.000010 0.000010 0.008427 0.381131 0.000010 0.000010 0.000010 0.610382 0.000010
0.000010 0.000010 0.000010 0.353806 0.000010 0.000010 0.000010 0.646124 0.000010
0.000010 0.000010 0.000010 0.383281 0.000010 0.000010 0.000010 0.616649 0.000010
0.000010 0.000010 0.000010 0.380291 0.000010 0.000010 0.000010 0.619639 0.000010
0.000010 0.000010 0.000010 0.406955 0.000010 0.000010 0.000010 0.592975 0.000010
0.000010 0.000010 0.000010 0.407731 0.000010 0.000010 0.000010 0.592199 0.000010
0.000010 0.000010 0.000010 0.372058 0.000010 0.000010 0.000010 0.627872 0.000010
0.000010 0.000010 0.000010 0.429984 0.000010 0.000010 0.000010 0.569946 0.000010
0.000010 0.000010 0.000010 0.356267 0.000010 0.000010 0.000010 0.643663 0.000010
0.000010 0.000010 0.000010 0.337790 0.000010 0.000010 0.000010 0.662140 0.000010
0.000010 0.000010 0.000010 0.326875 0.000010 0.000010 0.000010 0.673055 0.000010
0.000010 0.000010 0.000010 0.368243 0.000010 0.000010 0.000010 0.630456 0.001241
0.000010 0.000010 0.010358 0.335181 0.000010 0.000010 0.000010 0.654402 0.000010
0.000010 0.000010 0.005542 0.359143 0.000010 0.000010 0.003514 0.631751 0.000010
0.000010 0.000010 0.000010 0.325755 0.000010 0.000010 0.000010 0.674175 0.000010
0.000012 0.000010 0.000010 0.325868 0.000010 0.000010 0.000010 0.674060 0.000010
0.000010 0.000010 0.000010 0.410856 0.000010 0.000010 0.000010 0.589074 0.000010
0.000010 0.000010 0.000010 0.346172 0.000010 0.000010 0.000010 0.653758 0.000010
0.000010 0.000010 0.000010 0.324952 0.000010 0.000010 0.000010 0.674978 0.000010
0.000010 0.000010 0.000010 0.355556 0.000010 0.000010 0.000010 0.644374 0.000010
0.000010 0.000010 0.000010 0.364853 0.000010 0.000010 0.000010 0.635077 0.000010
0.000010 0.000010 0.000010 0.380335 0.000010 0.000010 0.000010 0.619595 0.000010
0.000010 0.000010 0.000010 0.343153 0.000010 0.000010 0.000010 0.656777 0.000010
0.000010 0.000010 0.000010 0.367352 0.000010 0.000010 0.000010 0.632578 0.000010
0.000010 0.000010 0.002836 0.339081 0.000010 0.000010 0.000010 0.658023 0.000010
0.000010 0.000010 0.000010 0.356890 0.000010 0.000010 0.000010 0.643040 0.000010
0.000010 0.000010 0.000010 0.340109 0.000010 0.000010 0.000010 0.658289 0.001541
0.000010 0.000010 0.000010 0.367470 0.000010 0.000010 0.000010 0.632460 0.000010
0.000010 0.000010 0.001274 0.324735 0.000010 0.000010 0.000010 0.673931 0.000010
0.000010 0.000010 0.003632 0.389788 0.000010 0.000010 0.000010 0.606360 0.000169
0.000010 0.000010 0.000010 0.351932 0.000010 0.000010 0.000010 0.647998 0.000010
0.000010 0.000010 0.001005 0.343449 0.000010 0.000010 0.000010 0.655487 0.000010
0.000010 0.000010 0.000010 0.338404 0.000010 0.000010 0.000010 0.661526 0.000010
0.000010 0.000010 0.000010 0.371774 0.000010 0.000010 0.000010 0.628156 0.000010
0.000010 0.000010 0.000010 0.353634 0.000010 0.000010 0.000010 0.646296 0.000010
0.000010 0.000010 0.000010 0.351065 0.000010 0.000010 0.000010 0.648865 0.000010
0.000010 0.000010 0.000010 0.968034 0.000010 0.000010 0.027353 0.000010 0.004553
0.000010 0.000010 0.000010 0.973857 0.000010 0.000010 0.002682 0.015967 0.007444
0.000010 0.000010 0.000010 0.791199 0.000016 0.000010 0.009125 0.198751 0.000869
0.000010 0.000010 0.000010 0.958952 0.000010 0.000010 0.032395 0.008593 0.000010
0.000012 0.000010 0.000010 0.910130 0.000010 0.000010 0.035052 0.047934 0.006832
0.000010 0.000010 0.000010 0.902230 0.000010 0.000010 0.031798 0.065911 0.000010
0.000010 0.000010 0.000246 0.905121 0.000010 0.000010 0.025367 0.069215 0.000010
0.000010 0.000010 0.008981 0.891423 0.000010 0.000010 0.018387 0.078739 0.002430
0.000010 0.017566 0.012350 0.656010 0.006346 0.000010 0.009352 0.298346 0.000010
0.000010 0.000010 0.000010 0.949380 0.000010 0.000010 0.022280 0.014917 0.013372
0.000010 0.000010 0.000010 0.956258 0.000010 0.000010 0.027899 0.015783 0.000010
0.000010 0.003472 0.000010 0.939358 0.000010 0.000010 0.019500 0.028066 0.009564
0.000010 0.000010 0.000010 0.977955 0.000010 0.000010 0.011134 0.000010 0.010851
0.000010 0.000010 0.000010 0.971311 0.000010 0.000010 0.028619 0.000010 0.000010
0.000010 0.000010 0.000010 0.884809 0.000010 0.000010 0.011444 0.099057 0.004641
0.000010 0.000010 0.000010 0.881462 0.000010 0.000010 0.020250 0.091836 0.006402
0.000010 0.010908 0.006255 0.790203 0.000010 0.000010 0.011750 0.180844 0.000010
0.000010 0.000010 0.000010 0.333364 0.000010 0.000010 0.000010 0.663471 0.003105
0.000010 0.000010 0.000010 0.319080 0.000010 0.000010 0.000010 0.680850 0.000010
0.000010 0.000010 0.000010 0.325913 0.000010 0.000010 0.000010 0.674017 0.000010
0.000010 0.000010 0.000010 0.343597 0.000010 0.000010 0.000010 0.656333 0.000010
0.000010 0.000010 0.000010 0.321181 0.000010 0.000010 0.000010 0.678749 0.000010
0.000010 0.000010 0.000010 0.312943 0.000010 0.000010 0.000010 0.686987 0.000010
0.000010 0.000010 0.000010 0.301425 0.000010 0.000010 0.000010 0.698505 0.000010
0.000010 0.000010 0.000010 0.340403 0.000010 0.000010 0.000010 0.659527 0.000010
0.000010 0.000010 0.000010 0.407870 0.000010 0.000010 0.000010 0.592060 0.000010
0.000010 0.000010 0.000040 0.349597 0.000010 0.000010 0.000010 0.650304 0.000010
0.000010 0.000010 0.003205 0.346370 0.000010 0.000010 0.000010 0.648308 0.002067
0.000010 0.000010 0.000010 0.326124 0.000010 0.000010 0.000010 0.673806 0.000010
0.000010 0.000010 0.000010 0.286454 0.000010 0.000010 0.000010 0.712833 0.000653
0.000010 0.000010 0.000010 0.357818 0.000010 0.000010 0.000010 0.642112 0.000010
0.000010 0.000010 0.000010 0.346340 0.000010 0.000010 0.000010 0.653590 0.000010
0.000010 0.000010 0.005323 0.349377 0.000010 0.000010 0.000010 0.645240 0.000010
0.000010 0.000010 0.000010 0.321475 0.000010 0.000010 0.000010 0.678455 0.000010
0.000010 0.000010 0.000010 0.366082 0.000010 0.000010 0.000010 0.633848 0.000010
0.000010 0.000010 0.000010 0.323940 0.000010 0.000010 0.000010 0.675990 0.000010
0.000010 0.000010 0.002522 0.302466 0.000010 0.000010 0.000010 0.694952 0.000010
0.000010 0.000010 0.002929 0.324789 0.000010 0.000010 0.000010 0.672222 0.000010
0.000010 0.000010 0.000010 0.350635 0.000010 0.000010 0.000010 0.649295 0.000010
0.000010 0.000014 0.000010 0.339127 0.000010 0.000010 0.000010 0.660799 0.000010
0.000010 0.000010 0.000010 0.310279 0.000010 0.000010 0.000010 0.689651 0.000010
0.000010 0.000010 0.000010 0.312484 0.000010 0.000010 0.000010 0.687446 0.000010
0.000010 0.000010 0.000010 0.359674 0.000010 0.000010 0.000010 0.637727 0.002539
0.000010 0.000010 0.000664 0.320354 0.000010 0.000010 0.000010 0.678921 0.000010
0.000010 0.001524 0.000010 0.345691 0.000010 0.000010 0.000010 0.652725 0.000010
0.000010 0.000010 0.000010 0.313010 0.000010 0.000010 0.000010 0.686920 0.000010
0.000010 0.000010 0.000010 0.331355 0.000010 0.000010 0.000010 0.668575 0.000010
0.000010 0.000010 0.000010 0.381123 0.000010 0.000010 0.000010 0.618807 0.000010
0.000010 0.000010 0.010253 0.921042 0.000010 0.000010 0.017142 0.048125 0.003398
0.000010 0.000010 0.000010 0.968605 0.000010 0.000010 0.031325 0.000010 0.000010
0.000010 0.009115 0.000010 0.861627 0.000010 0.000010 0.000010 0.126440 0.002768
0.000010 0.001317 0.000010 0.985328 0.000010 0.000010 0.000010 0.000010 0.013296
0.000010 0.000010 0.000010 0.964147 0.000010 0.000010 0.035783 0.000010 0.000010
0.000010 0.006240 0.000010 0.963220 0.000010 0.000010 0.029396 0.000010 0.001094
0.000010 0.014406 0.000010 0.827416 0.000010 0.000010 0.007863 0.150266 0.000010
0.000011 0.000010 0.000010 0.899155 0.000010 0.000010 0.013638 0.084552 0.002604
0.000010 0.000010 0.020653 0.807308 0.000010 0.000010 0.004658 0.167332 0.000010
0.000010 0.000010 0.000010 0.943289 0.000010 0.000010 0.026282 0.029118 0.001260
0.000010 0.000010 0.000010 0.757572 0.000010 0.000010 0.005034 0.231629 0.005716
0.000010 0.000010 0.000010 0.971339 0.000010 0.000010 0.004282 0.010472 0.013857
0.000010 0.000010 0.000638 0.930454 0.000010 0.000010 0.018232 0.049629 0.001007
0.000010 0.019743 0.000010 0.943594 0.000010 0.000010 0.000010 0.036603 0.000010
0.000010 0.016405 0.000010 0.943784 0.000010 0.000010 0.005720 0.031258 0.002792
0.000010 0.000010 0.000010 0.904431 0.000010 0.000010 0.020289 0.075219 0.000010
0.000010 0.000010 0.000010 0.979366 0.000010 0.000010 0.020564 0.000010 0.000010
0.000010 0.000010 0.000010 0.981032 0.000010 0.000010 0.015257 0.000010 0.003651
0.000010 0.000010 0.000010 0.986703 0.000010 0.000010 0.008836 0.000010 0.004401
0.000010 0.009929 0.000010 0.990001 0.000010 0.000010 0.000010 0.000010 0.000010
0.000010 0.000010 0.010717 0.790560 0.000010 0.000010 0.009116 0.189364 0.000202
0.000010 0.000010 0.000010 0.890869 0.000010 0.000010 0.029393 0.079679 0.000010
0.000010 0.000010 0.000010 0.902294 0.000010 0.000010 0.023609 0.065073 0.008975
0.000010 0.000010 0.000010 0.865897 0.000014 0.000010 0.011197 0.122842 0.000010
0.000010 0.000010 0.000010 0.771836 0.000010 0.000010 0.002088 0.223394 0.002632
0.000010 0.000010 0.005384 0.955252 0.000010 0.000010 0.018819 0.016415 0.004090
0.000010 0.000010 0.000010 0.888331 0.000010 0.000010 0.007062 0.092621 0.011936
0.000010 0.005429 0.000010 0.879966 0.000010 0.000010 0.000010 0.114545 0.000010
0.000010 0.000010 0.001097 0.923947 0.000010 0.000010 0.012333 0.059107 0.003476
0.000010 0.001983 0.000010 0.869975 0.000010 0.000010 0.017403 0.110589 0.000010
0.000010 0.022425 0.003058 0.871453 0.000010 0.000010 0.005707 0.087293 0.010034
0.000010 0.000010 0.000010 0.977491 0.000010 0.000010 0.022439 0.000010 0.000010
0.000010 0.000010 0.000010 0.981152 0.000010 0.000010 0.009221 0.000010 0.009567
0.000010 0.000010 0.000010 0.972990 0.000010 0.000010 0.026940 0.000010 0.000010
0.000010 0.000010 0.000010 0.947139 0.000010 0.000010 0.027170 0.025631 0.000010
0.000010 0.019761 0.000010 0.924044 0.000010 0.000010 0.002199 0.053946 0.000010
0.000010 0.000010 0.000010 0.929415 0.000010 0.000010 0.021241 0.046932 0.002362
0.000010 0.000010 0.000010 0.841118 0.000010 0.000010 0.005090 0.151073 0.002669
0.000010 0.000010 0.000010 0.877390 0.000010 0.000010 0.004608 0.113905 0.004047
0.000010 0.000010 0.000010 0.863245 0.000010 0.000010 0.008235 0.122746 0.005724
0.000010 0.009782 0.000010 0.830514 0.000012 0.000010 0.012268 0.140460 0.006934
0.000010 0.000010 0.000010 0.876235 0.000010 0.000010 0.010175 0.108225 0.005314
0.000010 0.000010 0.000010 0.905227 0.000010 0.000010 0.005197 0.089516 0.000010
0.000010 0.000010 0.000010 0.917520 0.000018 0.000010 0.029549 0.052863 0.000010
0.000010 0.000010 0.000010 0.805029 0.000010 0.000010 0.014577 0.177913 0.002431
0.000010 0.000010 0.000010 0.930825 0.000012 0.000010 0.013352 0.055760 0.000010
0.000010 0.005586 0.000010 0.843591 0.000010 0.000010 0.028573 0.122200 0.000010
0.000010 0.000010 0.009372 0.641992 0.000010 0.006655 0.019957 0.316172 0.005822
0.000010 0.000010 0.000010 0.958690 0.000010 0.000010 0.024107 0.017143 0.000010
0.000010 0.000010 0.000010 0.974378 0.000010 0.000010 0.022309 0.000950 0.002312
0.000010 0.000010 0.000010 0.644345 0.000010 0.000010 0.000010 0.347826 0.007769
0.000010 0.009597 0.000010 0.921175 0.000010 0.000010 0.015202 0.048288 0.005698
0.000010 0.008723 0.001588 0.859382 0.000010 0.000010 0.002896 0.121735 0.005646
0.000010 0.013062 0.000010 0.977551 0.000010 0.000010 0.009126 0.000212 0.000010
0.000010 0.000010 0.000010 0.690164 0.000010 0.000010 0.000010 0.309766 0.000010
0.000010 0.000010 0.000010 0.913556 0.000010 0.000010 0.021207 0.064796 0.000390
0.000010 0.011244 0.000010 0.939883 0.000010 0.000010 0.000010 0.048814 0.000010
0.000010 0.000010 0.000010 0.811546 0.000010 0.000010 0.004365 0.170933 0.013106
0.000010 0.001391 0.000010 0.882045 0.000010 0.000010 0.018128 0.098386 0.000010
0.000010 0.000010 0.000010 0.889392 0.000010 0.000010 0.006774 0.103774 0.000010
0.000010 0.006950 0.000010 0.992978 0.000010 0.000010 0.000011 0.000010 0.000010
0.000010 0.000010 0.006209 0.861928 0.000012 0.000010 0.013262 0.114963 0.003595
0.000010 0.000010 0.000010 0.984384 0.000010 0.000010 0.015546 0.000010 0.000010
0.000010 0.021134 0.003006 0.881486 0.000010 0.000010 0.000010 0.087214 0.007121
0.000010 0.000016 0.000010 0.917422 0.000010 0.000010 0.019200 0.055892 0.007431
0.000010 0.002288 0.000010 0.980061 0.000010 0.000010 0.015862 0.000010 0.001740
0.000010 0.008683 0.009241 0.918939 0.000010 0.000010 0.001418 0.053592 0.008097
0.000010 0.000010 0.000010 0.837342 0.000010 0.000010 0.017956 0.131062 0.013589
0.000010 0.000014 0.000010 0.966849 0.000010 0.000010 0.026854 0.000010 0.006233
0.000010 0.017215 0.000010 0.979852 0.000010 0.000010 0.000010 0.000010 0.002873
0.000010 0.000010 0.003681 0.909546 0.000012 0.000010 0.009058 0.076148 0.001525
0.000010 0.000010 0.000010 0.916151 0.000010 0.000010 0.012625 0.068271 0.002903
0.000010 0.000010 0.000010 0.989285 0.000010 0.000010 0.010645 0.000010 0.000010
0.000010 0.000010 0.000010 0.862687 0.000015 0.000010 0.002172 0.135076 0.000010
0.000010 0.000010 0.000010 0.915481 0.000010 0.000010 0.027598 0.056861 0.000010
0.000010 0.001635 0.003669 0.903490 0.000010 0.000010 0.009115 0.076269 0.005793
0.000010 0.000010 0.000702 0.723876 0.000010 0.000010 0.003466 0.269876 0.002039
0.000010 0.000010 0.000010 0.909981 0.000010 0.000010 0.015659 0.074299 0.000010
0.000010 0.000010 0.000010 0.980532 0.000010 0.000010 0.012735 0.000010 0.006672
0.000010 0.000010 0.000010 0.987558 0.000010 0.000010 0.012372 0.000010 0.000010
0.000010 0.013922 0.000010 0.922376 0.000010 0.000010 0.000010 0.055796 0.007855
0.000010 0.596105 0.000010 0.000010 0.000010 0.000010 0.399761 0.000010 0.004074
0.000010 0.584928 0.000010 0.000010 0.000010 0.000010 0.415002 0.000010 0.000010
0.000010 0.613246 0.000010 0.000010 0.000010 0.000010 0.386684 0.000010 0.000010
0.000010 0.598390 0.000010 0.000010 0.000010 0.000010 0.401540 0.000010 0.000010
0.000010 0.583659 0.000010 0.000010 0.000010 0.000010 0.416271 0.000010 0.000010
0.000010 0.554562 0.000010 0.000010 0.000010 0.000010 0.445368 0.000010 0.000010
0.000010 0.625280 0.000010 0.000010 0.000010 0.000010 0.374650 0.000010 0.000010
0.000010 0.582033 0.000010 0.000010 0.000010 0.000010 0.417897 0.000010 0.000010
0.000010 0.600502 0.000010 0.000010 0.000010 0.000010 0.399428 0.000010 0.000010
0.000010 0.584528 0.000010 0.000010 0.000010 0.000010 0.415402 0.000010 0.000010
0.000010 0.611196 0.000010 0.000010 0.000010 0.000010 0.385628 0.000010 0.003115
0.000010 0.558880 0.000010 0.000010 0.000010 0.000010 0.441050 0.000010 0.000010
0.000010 0.635520 0.000010 0.000010 0.000010 0.000010 0.364410 0.000010 0.000010
0.000010 0.594846 0.000010 0.000010 0.000010 0.000010 0.405084 0.000010 0.000010
0.000010 0.564504 0.000010 0.000010 0.000010 0.000010 0.435426 0.000010 0.000010
0.000010 0.576567 0.000010 0.000010 0.000010 0.000010 0.423363 0.000010 0.000010
0.000010 0.606461 0.000010 0.000010 0.000010 0.000010 0.393469 0.000010 0.000010
0.000010 0.601727 0.000010 0.000010 0.000010 0.000010 0.398203 0.000010 0.000010
0.000010 0.561195 0.000010 0.000010 0.000010 0.000010 0.438735 0.000010 0.000010
0.000010 0.572262 0.000010 0.000010 0.000010 0.000010 0.427668 0.000010 0.000010
0.000010 0.584210 0.000010 0.000010 0.000010 0.000010 0.415720 0.000010 0.000010
0.000010 0.588468 0.000010 0.000010 0.000010 0.000010 0.411462 0.000010 0.000010
0.000010 0.581531 0.000010 0.000010 0.000010 0.000010 0.418399 0.000010 0.000010
0.000010 0.594951 0.000010 0.000010 0.000010 0.000010 0.399149 0.000010 0.005840
0.000010 0.601167 0.000010 0.000010 0.000010 0.000010 0.398763 0.000010 0.000010
0.000010 0.604099 0.000010 0.000010 0.000010 0.000010 0.395831 0.000010 0.000010
0.000010 0.579275 0.000010 0.000010 0.000010 0.000010 0.420655 0.000010 0.000010
0.000010 0.611539 0.000010 0.000010 0.000010 0.000010 0.385770 0.000010 0.002631
0.000010 0.615798 0.000010 0.000010 0.000010 0.000010 0.384132 0.000010 0.000010
0.000010 0.607473 0.000010 0.000010 0.000010 0.000010 0.392457 0.000010 0.000010
0.000010 0.561839 0.000010 0.000010 0.000010 0.000010 0.438091 0.000010 0.000010
0.000010 0.637114 0.000010 0.000010 0.000010 0.000010 0.362816 0.000010 0.000010
0.000010 0.598723 0.000010 0.000010 0.000010 0.000010 0.401207 0.000010 0.000010
0.000014 0.579166 0.000010 0.000010 0.000010 0.000010 0.420752 0.000017 0.000010
0.000010 0.585663 0.000010 0.000010 0.000010 0.000010 0.414267 0.000010 0.000010
0.000010 0.630794 0.000010 0.000010 0.000010 0.000010 0.369136 0.000010 0.000010
0.000010 0.569705 0.000010 0.000010 0.000010 0.000010 0.430225 0.000010 0.000010
0.000010 0.561048 0.000010 0.000010 0.000010 0.000010 0.438882 0.000010 0.000010
0.000010 0.605164 0.000010 0.000010 0.000010 0.000010 0.394766 0.000010 0.000010
0.000010 0.581759 0.000010 0.000010 0.000010 0.000010 0.418171 0.000010 0.000010
0.000010 0.590672 0.000010 0.000010 0.000010 0.000010 0.409258 0.000010 0.000010
0.000010 0.648748 0.000010 0.000010 0.000010 0.000010 0.351182 0.000010 0.000010
0.013853 0.000010 0.000010 0.000010 0.020227 0.053409 0.028872 0.738747 0.144864
0.045277 0.000010 0.000010 0.000010 0.029062 0.103293 0.006851 0.611342 0.204147
0.003879 0.000010 0.018026 0.000010 0.049529 0.024105 0.007840 0.779753 0.116848
0.000010 0.569061 0.000010 0.000010 0.000010 0.000010 0.430869 0.000010 0.000010
0.000010 0.571846 0.000010 0.000010 0.000010 0.000010 0.428084 0.000010 0.000010
0.000010 0.495556 0.000010 0.000010 0.000010 0.000010 0.502054 0.000010 0.002331
0.000010 0.565499 0.000010 0.000010 0.000010 0.000010 0.434431 0.000010 0.000010
0.000010 0.540294 0.000010 0.000010 0.000010 0.000010 0.459636 0.000010 0.000010
0.000010 0.584936 0.000010 0.000010 0.000010 0.000010 0.414994 0.000010 0.000010
0.000010 0.537314 0.000010 0.000010 0.000010 0.000010 0.462616 0.000010 0.000010
0.000010 0.526868 0.000010 0.000010 0.000010 0.000010 0.473062 0.000010 0.000010
0.000010 0.705492 0.000010 0.000010 0.000010 0.000010 0.294438 0.000010 0.000010
0.000010 0.553165 0.000010 0.000010 0.000010 0.000010 0.446765 0.000010 0.000010
0.000010 0.549787 0.000010 0.000010 0.000010 0.000010 0.448806 0.000010 0.001348
0.000010 0.617222 0.008105 0.000010 0.000010 0.000010 0.374613 0.000010 0.000010
0.000010 0.331297 0.000010 0.005413 0.000010 0.000010 0.653338 0.001761 0.008151
0.000010 0.551220 0.000010 0.000010 0.000010 0.000015 0.448704 0.000010 0.000010
0.000010 0.553023 0.000010 0.000010 0.000010 0.000010 0.446907 0.000010 0.000010
0.000010 0.534961 0.000010 0.000010 0.000010 0.000010 0.464969 0.000010 0.000010
0.000010 0.582520 0.000010 0.000010 0.000010 0.000010 0.417410 0.000010 0.000010
0.000010 0.485157 0.000010 0.000010 0.000010 0.000010 0.514773 0.000010 0.000010
0.000010 0.570987 0.000010 0.000010 0.000010 0.000010 0.428943 0.000010 0.000010
0.000010 0.582269 0.000010 0.000010 0.000010 0.000010 0.417661 0.000010 0.000010
0.000010 0.536224 0.000010 0.000010 0.000010 0.000010 0.463706 0.000010 0.000010
0.000010 0.536188 0.000010 0.000010 0.000010 0.000010 0.463742 0.000010 0.000010
0.000010 0.529493 0.000010 0.000010 0.000010 0.000010 0.470437 0.000010 0.000010
0.000010 0.564707 0.000010 0.000010 0.000010 0.000010 0.435152 0.000010 0.000081
0.000010 0.534645 0.000010 0.000010 0.000010 0.000010 0.465285 0.000010 0.000010
0.000010 0.591939 0.000010 0.000010 0.000010 0.000010 0.407991 0.000010 0.000010
0.002027 0.561549 0.000010 0.004602 0.012379 0.000010 0.419080 0.000333 0.000010
0.000010 0.580573 0.000010 0.000010 0.000010 0.000010 0.419357 0.000010 0.000010
0.000010 0.652129 0.002087 0.000010 0.000010 0.000010 0.345724 0.000010 0.000010
0.000010 0.546110 0.000010 0.000010 0.000010 0.000010 0.453820 0.000010 0.000010
0.000010 0.572256 0.000010 0.000010 0.000010 0.000010 0.427674 0.000010 0.000010
0.000010 0.600627 0.000010 0.000010 0.000010 0.000010 0.399303 0.000010 0.000010
0.000010 0.539749 0.000010 0.000010 0.000010 0.000010 0.460181 0.000010 0.000010
0.000010 0.555453 0.000010 0.000010 0.000010 0.000010 0.444477 0.000010 0.000010
0.000010 0.549349 0.000010 0.000010 0.000010 0.000010 0.450581 0.000010 0.000010
0.020696 0.000010 0.000010 0.003849 0.053352 0.069544 0.022704 0.689521 0.140315
0.076533 0.000010 0.012589 0.000010 0.013948 0.085629 0.002527 0.648183 0.160570
0.042760 0.008884 0.008919 0.000010 0.010315 0.023866 0.003495 0.785191 0.116558
0.023326 0.000010 0.012256 0.000010 0.028353 0.035630 0.006666 0.726946 0.166804
0.000010 0.730121 0.000010 0.000010 0.000010 0.000010 0.269809 0.000010 0.000010
0.000010 0.718666 0.000010 0.000010 0.000010 0.000010 0.281264 0.000010 0.000010
0.000010 0.712986 0.000010 0.000010 0.000010 0.000010 0.286944 0.000010 0.000010
0.000010 0.691722 0.000010 0.000010 0.000010 0.000010 0.308208 0.000010 0.000010
0.000010 0.738116 0.000010 0.000010 0.000010 0.000010 0.261814 0.000010 0.000010
0.000010 0.669727 0.000010 0.000010 0.000010 0.000010 0.330203 0.000010 0.000010
0.000010 0.717195 0.000010 0.000010 0.000010 0.000010 0.282735 0.000010 0.000010
0.000010 0.732902 0.000010 0.000010 0.000010 0.000010 0.267028 0.000010 0.000010
0.000010 0.702452 0.000010 0.000010 0.000010 0.000010 0.297478 0.000010 0.000010
0.000010 0.713142 0.000010 0.000010 0.000010 0.000010 0.286788 0.000010 0.000010
0.000010 0.715047 0.000010 0.000010 0.000010 0.000010 0.284883 0.000010 0.000010
0.000010 0.709208 0.000010 0.000010 0.000010 0.000010 0.290722 0.000010 0.000010
0.000010 0.701209 0.000010 0.000010 0.000010 0.000010 0.298721 0.000010 0.000010
0.000010 0.682914 0.000010 0.000010 0.000010 0.000010 0.317016 0.000010 0.000010
0.000010 0.678289 0.000010 0.000010 0.000010 0.000010 0.321641 0.000010 0.000010
0.000010 0.713021 0.000010 0.000010 0.000010 0.000010 0.286909 0.000010 0.000010
0.000010 0.721048 0.000010 0.000010 0.000010 0.000010 0.277645 0.000010 0.001247
0.000010 0.666309 0.000010 0.000010 0.000010 0.000010 0.333621 0.000010 0.000010
0.000010 0.710301 0.000010 0.000010 0.000010 0.000010 0.289629 0.000010 0.000010
0.000010 0.657768 0.000010 0.000010 0.000010 0.000010 0.342162 0.000010 0.000010
0.000010 0.652962 0.000010 0.000010 0.000010 0.000010 0.346784 0.000010 0.000194
0.000010 0.675864 0.000010 0.000010 0.000010 0.000010 0.324066 0.000010 0.000010
0.000010 0.713013 0.000010 0.000010 0.000010 0.000010 0.286917 0.000010 0.000010
0.000010 0.727671 0.000010 0.000010 0.000010 0.000010 0.272259 0.000010 0.000010
0.000010 0.692413 0.000010 0.000010 0.000010 0.000010 0.307517 0.000010 0.000010
0.000010 0.714331 0.000010 0.000010 0.000010 0.000010 0.285599 0.000010 0.000010
0.000010 0.729282 0.000010 0.000010 0.000010 0.000010 0.270648 0.000010 0.000010
0.000010 0.738504 0.000010 0.000010 0.000010 0.000010 0.261426 0.000010 0.000010
0.000010 0.000010 0.000010 0.000010 0.001519 0.021597 0.013320 0.882448 0.081076
0.000010 0.006649 0.002113 0.000010 0.012443 0.039930 0.000010 0.800877 0.137958
0.052826 0.013190 0.000010 0.001230 0.015166 0.037641 0.000010 0.669749 0.210176
0.000010 0.000010 0.000010 0.036229 0.022211 0.042361 0.004613 0.774528 0.120028
0.000015 0.000010 0.000010 0.061841 0.023179 0.066639 0.002628 0.731716 0.113962
0.000010 0.003026 0.000010 0.203364 0.027001 0.023024 0.000010 0.687608 0.055947
0.037602 0.000010 0.000010 0.000010 0.023126 0.059379 0.007264 0.721249 0.151351
0.037908 0.000010 0.000010 0.000010 0.000010 0.028442 0.004272 0.865969 0.063370
0.045011 0.000010 0.000010 0.000010 0.001470 0.039151 0.026453 0.669118 0.218766
0.000010 0.975903 0.000010 0.000010 0.000010 0.000010 0.024027 0.000010 0.000010
0.000010 0.988573 0.000010 0.000010 0.000010 0.000010 0.011357 0.000010 0.000010
0.000010 0.999920 0.000010 0.000010 0.000010 0.000010 0.000010 0.000010 0.000010
0.000010 0.999920 0.000010 0.000010 0.000010 0.000010 0.000010 0.000010 0.000010
0.000010 0.974679 0.007442 0.000010 0.000010 0.000010 0.017819 0.000010 0.000010
0.000010 0.987016 0.000010 0.000010 0.000010 0.000010 0.012914 0.000010 0.000010
0.000010 0.999913 0.000010 0.000010 0.000010 0.000010 0.000017 0.000010 0.000010
0.000010 0.999920 0.000010 0.000010 0.000010 0.000010 0.000010 0.000010 0.000010
0.000010 0.922378 0.002880 0.000010 0.000010 0.000010 0.073199 0.000010 0.001492
0.000010 0.926498 0.007105 0.000010 0.000010 0.000010 0.066336 0.000010 0.000010
0.000010 0.970810 0.000010 0.000010 0.000010 0.000010 0.029120 0.000010 0.000010
0.000010 0.994907 0.000010 0.000010 0.000010 0.000010 0.005023 0.000010 0.000010
0.000010 0.984661 0.000010 0.000010 0.000010 0.000010 0.015269 0.000010 0.000010
0.000010 0.999919 0.000011 0.000010 0.000010 0.000010 0.000010 0.000010 0.000010
0.000010 0.999043 0.000010 0.000010 0.000010 0.000010 0.000887 0.000010 0.000010
0.049540 0.012320 0.000010 0.038273 0.027804 0.000010 0.000010 0.775620 0.096413
0.019712 0.000010 0.008903 0.006919 0.050432 0.044428 0.008769 0.708949 0.151878
0.078550 0.004907 0.000010 0.037727 0.063009 0.090781 0.000010 0.585681 0.139324
0.069039 0.000010 0.012305 0.000010 0.042472 0.100070 0.009214 0.567661 0.199218
0.066000 0.000010 0.000010 0.007217 0.039081 0.121524 0.011707 0.563040 0.191412
0.000010 0.000010 0.000010 0.000010 0.009834 0.055293 0.017286 0.748687 0.168860
0.015823 0.000010 0.000989 0.032244 0.028681 0.080368 0.004310 0.725771 0.111803
0.063866 0.017958 0.006216 0.007478 0.000010 0.056033 0.000010 0.690034 0.158394
0.016832 0.000010 0.000010 0.021426 0.000010 0.076301 0.020062 0.744387 0.120962
0.008177 0.000010 0.000505 0.000430 0.012686 0.051606 0.009912 0.763350 0.153324
0.232520 0.015541 0.000010 0.000010 0.052883 0.070747 0.000010 0.500684 0.127596
0.132322 0.008782 0.000010 0.000010 0.007876 0.028377 0.014023 0.686440 0.122160
0.028333 0.000010 0.000010 0.016718 0.005356 0.035593 0.027917 0.757126 0.128937
0.007622 0.002137 0.000010 0.000010 0.051990 0.021812 0.011171 0.761061 0.144186
0.023543 0.000010 0.000010 0.000010 0.024474 0.040125 0.008001 0.745337 0.158490
0.000010 0.000010 0.000010 0.009169 0.008631 0.053651 0.000010 0.768962 0.159547
0.035453 0.000010 0.005380 0.000010 0.005339 0.038534 0.004880 0.753202 0.157191
0.000010 0.008408 0.000010 0.000010 0.040989 0.048373 0.000010 0.747158 0.155033
0.033461 0.010859 0.018119 0.040615 0.009489 0.036009 0.005195 0.784590 0.061663
0.066616 0.005855 0.000010 0.017365 0.060146 0.059988 0.020072 0.589031 0.180917
0.082378 0.000010 0.005964 0.000010 0.055361 0.035904 0.003252 0.672606 0.144515
0.031149 0.000010 0.011373 0.000010 0.043784 0.012733 0.000010 0.671437 0.229493
0.132198 0.016200 0.000010 0.000015 0.021496 0.054971 0.000010 0.616340 0.158760
0.045969 0.001655 0.007720 0.018392 0.012373 0.040214 0.000300 0.701505 0.171871
0.031174 0.000010 0.015899 0.011589 0.000010 0.085802 0.008436 0.713151 0.133929
0.085145 0.000010 0.019583 0.004979 0.018802 0.021858 0.000010 0.651298 0.198315
0.088770 0.003130 0.000010 0.034216 0.028546 0.073387 0.000010 0.638489 0.133443
0.083292 0.002913 0.000010 0.024340 0.032626 0.037226 0.000010 0.668801 0.150782
0.126679 0.000010 0.027020 0.000010 0.025929 0.087903 0.009010 0.586149 0.137290
0.054306 0.020889 0.000010 0.007865 0.009864 0.064634 0.000010 0.703393 0.139029
0.005892 0.000917 0.010167 0.000010 0.063091 0.040466 0.001573 0.727813 0.150071
0.025391 0.004131 0.000010 0.000010 0.032414 0.040634 0.000010 0.728836 0.168563
0.017178 0.009722 0.000010 0.000010 0.029948 0.052220 0.000010 0.744005 0.146897
0.005188 0.000010 0.000010 0.000010 0.082679 0.057737 0.007589 0.675490 0.171287
0.000010 0.000010 0.000010 0.057129 0.056816 0.117261 0.005450 0.629997 0.133317
0.020637 0.018818 0.005056 0.005248 0.031516 0.033411 0.000010 0.760538 0.124765
0.045425 0.000010 0.000010 0.073302 0.000010 0.039634 0.009032 0.747695 0.084882
0.090856 0.007441 0.000010 0.000010 0.067548 0.068978 0.000010 0.647256 0.117891
0.011758 0.000010 0.014060 0.035785 0.029646 0.092745 0.010134 0.657407 0.148456
0.030242 0.006821 0.000010 0.025248 0.000010 0.084237 0.000010 0.700526 0.152896
0.000313 0.000010 0.000010 0.004739 0.023599 0.000010 0.001915 0.893609 0.075795
0.000010 0.012524 0.000010 0.000010 0.011008 0.000010 0.003422 0.672437 0.300569
0.038524 0.004121 0.005068 0.000010 0.000010 0.001466 0.004586 0.810235 0.135980
0.003944 0.000010 0.006809 0.013212 0.026901 0.010132 0.016118 0.604170 0.318704
0.013135 0.000010 0.000010 0.056664 0.017104 0.032720 0.000010 0.645260 0.235087
0.027352 0.001222 0.011155 0.027981 0.025818 0.088114 0.012391 0.500441 0.305526
0.000010 0.000010 0.011515 0.028652 0.016102 0.075958 0.009860 0.592709 0.265182
0.003280 0.000010 0.000439 0.038009 0.010065 0.046253 0.008996 0.633861 0.259088
0.037794 0.009085 0.002431 0.000010 0.000010 0.017783 0.012255 0.654881 0.265750
0.002303 0.000010 0.000010 0.007516 0.000010 0.018436 0.014059 0.781669 0.175987
0.020756 0.006268 0.000010 0.048548 0.022007 0.078668 0.000010 0.594829 0.228905
0.049860 0.008560 0.000010 0.024773 0.000010 0.045794 0.000010 0.595980 0.275004
0.019001 0.000010 0.002734 0.007535 0.000010 0.000010 0.021347 0.597640 0.351713
0.107555 0.000010 0.000010 0.010992 0.007200 0.072460 0.000010 0.496667 0.305096
0.000010 0.000010 0.014923 0.015032 0.001064 0.034050 0.010421 0.639991 0.284499
0.063604 0.015438 0.009397 0.000010 0.057763 0.057017 0.000010 0.421894 0.374868
0.018826 0.000010 0.008245 0.026954 0.000010 0.029459 0.000010 0.649016 0.267469
0.019808 0.002275 0.000010 0.000010 0.034446 0.044847 0.021585 0.441718 0.435302
0.000011 0.000010 0.000010 0.000303 0.076897 0.112844 0.016070 0.626386 0.167469
0.000214 0.000010 0.012111 0.024688 0.045890 0.051049 0.006229 0.688240 0.171569
0.010036 0.008196 0.000011 0.000010 0.025084 0.065044 0.000010 0.771703 0.119907
0.090342 0.000153 0.000010 0.049548 0.068999 0.081165 0.012233 0.554678 0.142873
0.002997 0.000010 0.048266 0.000010 0.022563 0.000010 0.000252 0.858129 0.067762
0.040212 0.010301 0.000542 0.000010 0.042173 0.054848 0.000010 0.686305 0.165599
0.073604 0.000010 0.001677 0.009266 0.050001 0.071757 0.004692 0.637160 0.151834
0.017480 0.002991 0.000010 0.000010 0.020299 0.033693 0.000010 0.861831 0.063676
0.062777 0.016406 0.004503 0.024543 0.000010 0.000010 0.000010 0.774952 0.116788
0.046965 0.007602 0.000010 0.032924 0.007478 0.043964 0.000010 0.698862 0.162185
0.040370 0.010600 0.007324 0.000010 0.000010 0.040936 0.010358 0.695807 0.194585
0.025865 0.005593 0.000010 0.027386 0.025956 0.097469 0.000010 0.654976 0.162736
0.002822 0.000010 0.000010 0.009480 0.046342 0.067934 0.016278 0.695871 0.161253
0.089699 0.000010 0.000010 0.014668 0.043245 0.059406 0.018235 0.537013 0.237715
0.052393 0.000010 0.000010 0.000010 0.084136 0.085450 0.031802 0.534219 0.211971
0.054301 0.009021 0.000010 0.000010 0.032119 0.062895 0.016220 0.606145 0.219279
0.039387 0.000010 0.010026 0.000010 0.000010 0.055075 0.010063 0.677786 0.207633
0.000010 0.000010 0.000010 0.000010 0.018232 0.047219 0.000010 0.769259 0.165240
0.071301 0.004752 0.000010 0.000010 0.000010 0.117007 0.000387 0.654559 0.151964
0.003755 0.003144 0.001063 0.021547 0.000010 0.037048 0.016283 0.815862 0.101288
0.036932 0.001682 0.017039 0.000010 0.007764 0.051177 0.017395 0.738270 0.129730
0.007389 0.012681 0.000010 0.000010 0.058645 0.053996 0.000010 0.737388 0.129870
0.099668 0.009316 0.000010 0.004001 0.023171 0.070581 0.000010 0.616273 0.176970
0.017867 0.002803 0.004641 0.020393 0.032482 0.069395 0.005871 0.733064 0.113482
0.039619 0.000010 0.003549 0.006366 0.001164 0.033117 0.017612 0.574000 0.324564
0.000010 0.016145 0.000010 0.023196 0.000010 0.019039 0.000010 0.668674 0.272906
0.000010 0.000010 0.000010 0.000807 0.021483 0.024637 0.027652 0.680619 0.244772
0.065213 0.006356 0.000010 0.010977 0.036594 0.078213 0.016537 0.502908 0.283192
0.000010 0.000010 0.000010 0.016731 0.009474 0.000010 0.008033 0.775710 0.190012
0.000010 0.005470 0.008131 0.020706 0.000929 0.012119 0.000010 0.638764 0.313861
0.000010 0.000010 0.000010 0.010767 0.000010 0.025343 0.014995 0.825989 0.122866
0.043710 0.000010 0.002845 0.000010 0.035446 0.050614 0.006414 0.539014 0.321937
0.011466 0.007557 0.000010 0.000010 0.014983 0.050010 0.000010 0.643203 0.272751
0.037739 0.005500 0.000010 0.001518 0.001354 0.039634 0.000010 0.647711 0.266524
0.075369 0.000010 0.000010 0.013090 0.038442 0.068219 0.012134 0.475272 0.317454
0.000010 0.006446 0.005295 0.018748 0.000010 0.008106 0.010220 0.581189 0.369976
0.000010 0.000010 0.000010 0.029833 0.017109 0.000010 0.000452 0.657747 0.294819
0.000010 0.004021 0.000010 0.000010 0.000010 0.027432 0.016904 0.698865 0.252737
0.000010 0.006362 0.005347 0.000010 0.016548 0.050280 0.000010 0.681744 0.239689
0.132980 0.001312 0.002147 0.000010 0.017998 0.099201 0.010883 0.595521 0.139947
0.057976 0.009500 0.009551 0.000010 0.013613 0.063213 0.000010 0.648449 0.197679
0.005324 0.007704 0.018198 0.024889 0.001295 0.109418 0.013747 0.633900 0.185527
0.032749 0.000010 0.000010 0.046525 0.041589 0.085567 0.002497 0.606563 0.184490
0.049311 0.000010 0.000010 0.000010 0.057928 0.125753 0.003766 0.600831 0.162380
0.046654 0.020535 0.000010 0.019037 0.002666 0.041866 0.005308 0.769557 0.094368
0.057629 0.000010 0.005855 0.010907 0.018023 0.048618 0.007171 0.711341 0.140447
0.059922 0.011379 0.000010 0.000010 0.026687 0.031055 0.000010 0.702613 0.168314
0.030286 0.000010 0.002134 0.006819 0.000010 0.113580 0.017702 0.734978 0.094481
0.000010 0.000010 0.000010 0.000010 0.033587 0.071528 0.014584 0.673116 0.207145
0.000010 0.000010 0.000010 0.339129 0.000010 0.000010 0.000010 0.655527 0.005283
0.000010 0.000010 0.017419 0.016550 0.007041 0.000010 0.010541 0.343624 0.604795
0.233548 0.020531 0.000010 0.015157 0.024753 0.096776 0.001698 0.380249 0.227278
0.000010 0.000010 0.000010 0.060141 0.007695 0.027495 0.000010 0.489928 0.414702
0.000016 0.011800 0.014955 0.019916 0.008931 0.042092 0.000010 0.671167 0.231112
0.015673 0.000010 0.012042 0.000010 0.000010 0.025870 0.019183 0.531710 0.395491
0.040987 0.000010 0.000010 0.046143 0.022012 0.012547 0.000580 0.481130 0.396580
0.000010 0.000010 0.000010 0.031768 0.015706 0.000010 0.006736 0.647411 0.298340
0.012444 0.000010 0.007847 0.012079 0.010720 0.006817 0.008445 0.744044 0.197593
0.017540 0.007434 0.000010 0.045821 0.000010 0.000010 0.000010 0.766082 0.163083
0.017275 0.000684 0.010294 0.052125 0.021822 0.019299 0.000010 0.566804 0.311685
0.000010 0.003435 0.000010 0.044114 0.014991 0.004440 0.014664 0.639472 0.278865
0.001603 0.000010 0.009617 0.016412 0.008084 0.030967 0.010106 0.663426 0.259774
0.019876 0.009899 0.024559 0.002200 0.010502 0.030900 0.004483 0.660922 0.236658
0.066620 0.000010 0.000486 0.002249 0.032850 0.046160 0.012657 0.596130 0.242839
0.096842 0.023265 0.000010 0.000010 0.058417 0.015626 0.000010 0.483289 0.322532
0.102053 0.007425 0.021357 0.030829 0.009120 0.040098 0.000010 0.510131 0.278977
0.083615 0.001233 0.000010 0.009538 0.012384 0.019603 0.022574 0.591350 0.259693
0.023242 0.000010 0.000010 0.000010 0.019260 0.081901 0.013797 0.339965 0.521804
0.000010 0.010021 0.000010 0.000010 0.000010 0.036389 0.000010 0.614217 0.339323
0.000010 0.000010 0.000010 0.020703 0.000010 0.009305 0.011178 0.687839 0.270936
0.082196 0.015296 0.000515 0.000010 0.015296 0.036627 0.000010 0.548559 0.301491
0.009306 0.018161 0.002908 0.001178 0.000010 0.099514 0.001356 0.566455 0.301113
0.004382 0.022186 0.000010 0.000010 0.001206 0.039248 0.007193 0.539279 0.386486
0.015851 0.000010 0.009995 0.031092 0.000010 0.014676 0.000010 0.673881 0.254475
0.030730 0.000010 0.000010 0.000010 0.031045 0.000010 0.026438 0.685757 0.225990
0.016839 0.012694 0.009378 0.000125 0.000010 0.039080 0.000010 0.779494 0.142370
0.180853 0.000010 0.000010 0.000010 0.047027 0.063870 0.003650 0.399158 0.305413
0.094612 0.000010 0.009116 0.003447 0.000010 0.073089 0.000010 0.622304 0.197402
0.115818 0.000010 0.007002 0.007247 0.000010 0.089721 0.022573 0.613447 0.144173
0.025748 0.018645 0.000010 0.018804 0.026176 0.029483 0.003677 0.745755 0.131701
0.031158 0.000010 0.011126 0.000010 0.053125 0.090914 0.010150 0.601629 0.201877
0.028569 0.000010 0.003655 0.000765 0.048030 0.109495 0.000010 0.641325 0.168141
0.017012 0.000010 0.007375 0.013389 0.052046 0.091082 0.014563 0.611014 0.193509
0.123665 0.020474 0.008284 0.001326 0.014495 0.031553 0.000010 0.625805 0.174387
0.051270 0.012836 0.000606 0.022091 0.012368 0.041678 0.000010 0.740957 0.118183
0.011750 0.000010 0.000010 0.000010 0.033265 0.046395 0.000010 0.674528 0.234023
0.000010 0.021237 0.000010 0.005561 0.068217 0.074016 0.000010 0.637648 0.193291
0.050135 0.007984 0.016818 0.046832 0.016332 0.061659 0.000010 0.620795 0.179435
0.045214 0.000010 0.004752 0.009485 0.019256 0.057025 0.010854 0.565801 0.287602
0.013418 0.023114 0.000010 0.000010 0.000010 0.012368 0.000010 0.707267 0.243793
0.000010 0.000010 0.000010 0.040512 0.003532 0.042413 0.013028 0.376181 0.524304
0.000010 0.015065 0.000010 0.010835 0.014106 0.002463 0.000010 0.839232 0.118268
0.042697 0.000010 0.000010 0.047012 0.049773 0.086834 0.011186 0.531347 0.231131
0.000010 0.021828 0.011464 0.022281 0.000010 0.016242 0.004004 0.522190 0.401971
0.022928 0.000010 0.000010 0.002116 0.000010 0.023592 0.009402 0.374969 0.566963
0.035379 0.004326 0.000010 0.000010 0.000010 0.060936 0.021969 0.587961 0.289399
0.051498 0.004485 0.004429 0.035769 0.005046 0.011062 0.018977 0.617065 0.251670
0.026161 0.000010 0.000010 0.009577 0.006520 0.000010 0.024524 0.555600 0.377587
0.015325 0.000010 0.002938 0.009485 0.024348 0.018066 0.000010 0.520627 0.409192
0.002810 0.000010 0.007158 0.000010 0.003601 0.031948 0.000010 0.522199 0.432254
0.055770 0.000010 0.004646 0.000010 0.058638 0.059036 0.006805 0.423869 0.391217
0.173967 0.000010 0.000010 0.010716 0.045769 0.070038 0.024102 0.356368 0.319021
0.121920 0.009038 0.012385 0.000010 0.026630 0.041912 0.000010 0.465619 0.322476
0.002334 0.000010 0.000010 0.000010 0.013169 0.000010 0.011549 0.765336 0.207573
0.006706 0.006075 0.002729 0.000010 0.015482 0.004155 0.004233 0.768427 0.192183
0.000010 0.000975 0.000010 0.010231 0.008609 0.014923 0.001094 0.793693 0.170456
0.000010 0.001283 0.000010 0.000010 0.000010 0.023302 0.000010 0.824762 0.150603
0.152045 0.005890 0.001022 0.044629 0.071368 0.132601 0.004141 0.317189 0.271115
0.034118 0.000010 0.000010 0.000010 0.000010 0.004248 0.005341 0.584004 0.372249
0.067966 0.000010 0.017227 0.047991 0.032375 0.050832 0.002075 0.634583 0.146942
0.013458 0.011595 0.025274 0.012931 0.000010 0.000010 0.000010 0.808662 0.128050
0.000010 0.000010 0.000010 0.000010 0.020698 0.000010 0.014100 0.788073 0.177079
0.000416 0.011918 0.003749 0.006031 0.000010 0.027274 0.000010 0.735817 0.214775
0.048976 0.009745 0.000010 0.018578 0.024550 0.020021 0.015570 0.440184 0.422365
0.054998 0.013674 0.000010 0.000010 0.042485 0.029284 0.012849 0.468442 0.378249
