0.000010 0.000010 0.000010 0.000010 0.618742 0.000010 0.000010 0.381187 0.000010
0.000010 0.000010 0.000010 0.000010 0.633306 0.000010 0.000010 0.366624 0.000010
0.000010 0.000010 0.000010 0.000010 0.628859 0.000010 0.000010 0.366645 0.004435
0.000010 0.000010 0.000010 0.000010 0.666654 0.000010 0.000010 0.333276 0.000010
0.000010 0.000010 0.000010 0.000010 0.648890 0.000010 0.000010 0.351040 0.000010
0.000010 0.000010 0.000010 0.000010 0.575725 0.000010 0.000010 0.424205 0.000010
0.000010 0.000010 0.000010 0.000010 0.672038 0.000010 0.000010 0.327892 0.000010
0.000010 0.000010 0.000010 0.000010 0.641332 0.000010 0.000010 0.358598 0.000010
0.000010 0.000010 0.000010 0.000010 0.605327 0.000010 0.000010 0.394603 0.000010
0.000010 0.000010 0.000010 0.000010 0.604164 0.000010 0.000010 0.395766 0.000010
0.000010 0.000010 0.000010 0.000010 0.617685 0.000010 0.000010 0.382245 0.000010
0.000010 0.000010 0.000010 0.000010 0.640477 0.000010 0.000010 0.359453 0.000010
0.000010 0.000010 0.000010 0.000010 0.603463 0.000010 0.000010 0.396467 0.000010
0.000010 0.000010 0.000010 0.000010 0.602364 0.000010 0.000010 0.396574 0.001002
0.000010 0.000010 0.000010 0.000010 0.620887 0.000010 0.000010 0.379043 0.000010
0.000010 0.000010 0.000017 0.000010 0.608326 0.000010 0.000010 0.391597 0.000010
0.000010 0.000010 0.000010 0.000010 0.626487 0.000010 0.000010 0.373443 0.000010
0.000010 0.000010 0.000010 0.000010 0.659096 0.000010 0.000010 0.340834 0.000010
0.000010 0.000010 0.000010 0.000010 0.613168 0.000010 0.000010 0.386762 0.000010
0.000010 0.000010 0.000970 0.000010 0.619187 0.000010 0.000010 0.379784 0.000010
0.000010 0.000010 0.000010 0.000010 0.657531 0.000010 0.000010 0.342399 0.000010
0.000010 0.000010 0.000010 0.000010 0.592815 0.000010 0.000010 0.407115 0.000010
0.000010 0.000010 0.000010 0.000010 0.581969 0.000010 0.000010 0.417381 0.000590
0.000010 0.000010 0.000010 0.000010 0.588341 0.000010 0.000010 0.411589 0.000010
0.000010 0.000010 0.000010 0.000010 0.602341 0.000010 0.000010 0.397034 0.000565
0.000010 0.000010 0.000010 0.000010 0.592448 0.000010 0.000010 0.407482 0.000010
0.000010 0.000012 0.000010 0.000010 0.621887 0.000010 0.000010 0.374579 0.003473
0.000010 0.000010 0.000010 0.000010 0.685143 0.000010 0.000010 0.314787 0.000010
0.000010 0.000010 0.000010 0.000010 0.704052 0.000010 0.000010 0.295878 0.000010
0.000010 0.000010 0.000010 0.000010 0.674485 0.000010 0.000010 0.325445 0.000010
0.000010 0.000010 0.003148 0.000010 0.635329 0.000010 0.000010 0.360422 0.001051
0.000010 0.000010 0.000010 0.000010 0.682747 0.000010 0.000010 0.317183 0.000010
0.000010 0.000010 0.003575 0.000010 0.664013 0.000010 0.000010 0.326235 0.006127
0.000010 0.000010 0.000010 0.000010 0.699764 0.000010 0.000010 0.300166 0.000010
0.000010 0.000010 0.000010 0.000010 0.697919 0.000010 0.000010 0.302011 0.000010
0.000010 0.000010 0.000010 0.000010 0.602996 0.000010 0.000010 0.396934 0.000010
0.000010 0.000010 0.000010 0.000010 0.641792 0.000010 0.000010 0.358138 0.000010
0.000010 0.000010 0.000010 0.000010 0.651383 0.000010 0.000010 0.348547 0.000010
0.000010 0.000010 0.000010 0.000010 0.657677 0.000010 0.000010 0.338898 0.003365
0.000015 0.000010 0.000010 0.000010 0.651875 0.000010 0.000010 0.345892 0.002168
0.000010 0.000010 0.000016 0.000010 0.631827 0.000010 0.000010 0.365408 0.002699
0.000010 0.000010 0.000010 0.000010 0.654095 0.000010 0.000010 0.345835 0.000010
0.000010 0.000010 0.000010 0.000010 0.654604 0.000010 0.000010 0.345326 0.000010
0.000010 0.000010 0.001063 0.000010 0.682953 0.000010 0.000010 0.313497 0.002437
0.000010 0.000010 0.000010 0.000010 0.663306 0.000010 0.000010 0.336624 0.000010
0.000010 0.000010 0.000019 0.000010 0.661207 0.000010 0.000010 0.338714 0.000010
0.000010 0.000010 0.000010 0.000010 0.640668 0.000010 0.000010 0.359262 0.000010
0.000010 0.000010 0.002264 0.000010 0.618822 0.000010 0.000010 0.378854 0.000010
0.000010 0.000010 0.000010 0.000010 0.622913 0.000010 0.000010 0.377017 0.000010
0.000010 0.000010 0.000010 0.000010 0.680864 0.000010 0.000010 0.319066 0.000010
0.000010 0.000010 0.000010 0.000010 0.652192 0.000010 0.000010 0.347738 0.000010
0.000010 0.000010 0.000011 0.000010 0.597373 0.000010 0.000010 0.402556 0.000010
0.000010 0.000010 0.000010 0.000010 0.620142 0.000010 0.000010 0.372302 0.007496
0.000010 0.000010 0.000010 0.000010 0.676747 0.000010 0.000010 0.323183 0.000010
0.000010 0.000010 0.000010 0.000010 0.630389 0.000010 0.000010 0.369541 0.000010
0.000010 0.000010 0.000010 0.000010 0.000010 0.000010 0.022107 0.976824 0.001009
0.000010 0.000010 0.000010 0.000010 0.022153 0.000010 0.000010 0.966237 0.011550
0.000010 0.011253 0.000010 0.000010 0.201408 0.000010 0.007398 0.779516 0.000384
0.000010 0.000010 0.000010 0.000010 0.044823 0.000010 0.029883 0.925233 0.000010
0.000010 0.000010 0.000010 0.000018 0.000010 0.000010 0.036835 0.962074 0.001023
0.000010 0.000010 0.000016 0.000010 0.053870 0.000010 0.026175 0.919889 0.000010
0.000010 0.000010 0.000010 0.000010 0.033520 0.000010 0.026229 0.938400 0.001800
0.000010 0.000010 0.000010 0.000010 0.096286 0.000010 0.031741 0.871913 0.000010
0.000010 0.000010 0.004917 0.005069 0.326200 0.000010 0.032801 0.627868 0.003115
0.000010 0.000010 0.011732 0.000010 0.000380 0.000010 0.008680 0.958308 0.020861
0.000010 0.000010 0.000010 0.000010 0.008408 0.000010 0.025456 0.961559 0.004526
0.000010 0.000010 0.006589 0.000010 0.000010 0.000010 0.025260 0.968091 0.000010
0.000010 0.000010 0.000010 0.000010 0.000010 0.000010 0.006652 0.980044 0.013244
0.000010 0.000010 0.000010 0.000010 0.000010 0.000010 0.027938 0.971992 0.000010
0.000010 0.000010 0.000010 0.000010 0.079029 0.000010 0.018395 0.902516 0.000010
0.000010 0.000010 0.000010 0.000010 0.097444 0.000010 0.015992 0.879789 0.006726
0.000010 0.000010 0.000010 0.000010 0.206838 0.000010 0.020791 0.772311 0.000010
0.000010 0.000010 0.009110 0.000010 0.661853 0.000010 0.000010 0.328977 0.000010
0.000010 0.000010 0.000010 0.000010 0.688806 0.000010 0.000010 0.311124 0.000010
0.000010 0.000010 0.000010 0.000010 0.680751 0.000010 0.000010 0.319179 0.000010
0.000010 0.000010 0.000010 0.000010 0.642591 0.000010 0.000010 0.357339 0.000010
0.000010 0.000010 0.000010 0.000010 0.672144 0.000010 0.000010 0.327786 0.000010
0.000010 0.000010 0.000010 0.000015 0.669163 0.000010 0.000010 0.330762 0.000010
0.000010 0.000010 0.000010 0.000010 0.682691 0.000010 0.000010 0.317239 0.000010
0.000010 0.000010 0.000010 0.000010 0.666788 0.000010 0.000010 0.333142 0.000010
0.000010 0.000010 0.000010 0.000010 0.654487 0.000010 0.000010 0.345443 0.000010
0.000010 0.000665 0.000010 0.000010 0.634428 0.000010 0.000010 0.364846 0.000010
0.000010 0.003142 0.000010 0.000010 0.668767 0.000010 0.000010 0.326127 0.001913
0.000010 0.000010 0.000010 0.000010 0.651044 0.000010 0.000010 0.348886 0.000010
0.000010 0.000010 0.000010 0.000010 0.725748 0.000010 0.000010 0.274182 0.000010
0.000010 0.000010 0.010927 0.000010 0.637124 0.000010 0.000010 0.351889 0.000010
0.000010 0.004104 0.002711 0.000010 0.680634 0.000010 0.000010 0.312500 0.000010
0.000010 0.000010 0.005774 0.000010 0.641933 0.000010 0.000010 0.352233 0.000010
0.000010 0.000010 0.000010 0.000010 0.675773 0.000010 0.000010 0.324157 0.000010
0.000010 0.000010 0.000010 0.000010 0.641830 0.000010 0.000010 0.358100 0.000010
0.000010 0.000010 0.000010 0.000010 0.673798 0.000010 0.000010 0.326132 0.000010
0.000010 0.000010 0.000010 0.000010 0.694495 0.000010 0.000010 0.305435 0.000010
0.000010 0.000010 0.000010 0.000010 0.676356 0.000010 0.000010 0.323574 0.000010
0.000010 0.000010 0.000018 0.000010 0.630526 0.000010 0.000010 0.369396 0.000010
0.000010 0.000010 0.000010 0.000010 0.650254 0.000010 0.000010 0.349676 0.000010
0.000010 0.000010 0.000010 0.000010 0.681315 0.000010 0.000010 0.318615 0.000010
0.000010 0.000010 0.000010 0.000010 0.683252 0.000010 0.000010 0.316678 0.000010
0.000010 0.000010 0.000010 0.000010 0.628135 0.000010 0.000010 0.371795 0.000010
0.000010 0.000010 0.000010 0.000010 0.676149 0.000010 0.000010 0.323781 0.000010
0.000010 0.000010 0.002115 0.000010 0.653387 0.000010 0.000010 0.344438 0.000010
0.000010 0.000010 0.000010 0.000010 0.689579 0.000010 0.000010 0.310351 0.000010
0.000010 0.000010 0.000010 0.000010 0.684652 0.000010 0.000010 0.314703 0.000585
0.000010 0.000010 0.003783 0.000010 0.648531 0.000010 0.000010 0.347626 0.000010
0.000010 0.011404 0.010854 0.000010 0.034028 0.000010 0.008214 0.935460 0.000010
0.000010 0.000010 0.000010 0.000010 0.000010 0.000010 0.030473 0.969457 0.000010
0.000010 0.006055 0.000010 0.000010 0.130647 0.000010 0.000010 0.861156 0.002091
0.000010 0.022211 0.000010 0.000010 0.000010 0.000010 0.000010 0.975710 0.002020
0.000010 0.000010 0.000010 0.000010 0.000010 0.000010 0.031161 0.968769 0.000010
0.000010 0.018112 0.000010 0.000010 0.000010 0.000010 0.005728 0.968906 0.007205
0.000010 0.000010 0.000010 0.000010 0.176901 0.000010 0.014165 0.808874 0.000010
0.000010 0.000010 0.000010 0.000010 0.100419 0.000010 0.013799 0.882348 0.003384
0.000010 0.000843 0.000083 0.000010 0.161613 0.000010 0.011226 0.826196 0.000010
0.000010 0.000010 0.000010 0.000010 0.039960 0.000010 0.026484 0.933495 0.000010
0.000010 0.004236 0.000010 0.000010 0.237047 0.000010 0.000519 0.755046 0.003112
0.000010 0.001180 0.000010 0.000010 0.000010 0.000010 0.000538 0.992857 0.005375
0.000010 0.005724 0.000010 0.000010 0.050783 0.000010 0.012866 0.930577 0.000010
0.000010 0.008216 0.000010 0.000017 0.035020 0.000010 0.005616 0.949456 0.001645
0.000010 0.009786 0.005566 0.000010 0.027011 0.000010 0.012550 0.945047 0.000010
0.000010 0.005499 0.000561 0.000010 0.053868 0.000010 0.011643 0.928390 0.000010
0.000010 0.000010 0.000010 0.000010 0.000010 0.000010 0.016945 0.982985 0.000010
0.000010 0.000010 0.019470 0.000010 0.000010 0.000010 0.008237 0.969134 0.003108
0.000010 0.000010 0.000013 0.000010 0.000010 0.000010 0.015885 0.981450 0.002602
0.000010 0.000010 0.000010 0.000010 0.000010 0.000010 0.010366 0.989564 0.000010
0.000010 0.002897 0.000010 0.000010 0.194615 0.000010 0.013720 0.788718 0.000010
0.000010 0.032072 0.000010 0.000010 0.100055 0.000010 0.002800 0.865023 0.000010
0.000010 0.000010 0.000010 0.000010 0.058317 0.000010 0.024281 0.917342 0.000010
0.000010 0.000010 0.000010 0.000010 0.113501 0.000010 0.003810 0.882630 0.000010
0.000010 0.005928 0.000010 0.000010 0.224713 0.000010 0.000010 0.764313 0.004995
0.000010 0.000010 0.000010 0.000010 0.000010 0.000010 0.030030 0.969895 0.000015
0.000010 0.004666 0.000010 0.000010 0.108111 0.000010 0.007652 0.865211 0.014320
0.000010 0.000010 0.000010 0.000010 0.122370 0.000010 0.000010 0.877560 0.000010
0.000010 0.008771 0.000010 0.000010 0.029614 0.000010 0.014829 0.946736 0.000010
0.000010 0.002323 0.000010 0.000010 0.153172 0.000010 0.023141 0.818013 0.003312
0.000010 0.000010 0.000010 0.000010 0.018081 0.000010 0.020899 0.950931 0.010039
0.000010 0.000010 0.000010 0.000010 0.000010 0.000010 0.027711 0.972219 0.000010
0.000010 0.000010 0.000010 0.000010 0.000010 0.000010 0.016755 0.981176 0.002009
0.000010 0.000010 0.000010 0.000010 0.000010 0.000010 0.023180 0.976750 0.000010
0.000010 0.000010 0.000010 0.000010 0.060655 0.000010 0.016033 0.923252 0.000010
0.000010 0.000774 0.000010 0.000010 0.014203 0.000010 0.014657 0.970315 0.000010
0.000010 0.000010 0.000010 0.000010 0.063276 0.000010 0.000010 0.926691 0.009972
0.000010 0.000010 0.000010 0.000010 0.129321 0.000010 0.008912 0.861707 0.000010
0.000010 0.000010 0.000011 0.000013 0.110979 0.000010 0.011020 0.870710 0.007238
0.000010 0.000010 0.000010 0.000010 0.160935 0.000010 0.018179 0.820826 0.000010
0.000010 0.000010 0.007009 0.000010 0.151028 0.000010 0.020595 0.810473 0.010854
0.000010 0.003690 0.000010 0.000010 0.163491 0.000010 0.000010 0.832759 0.000010
0.000010 0.000010 0.000010 0.000010 0.078262 0.000010 0.013300 0.908378 0.000010
0.000010 0.000010 0.000010 0.000010 0.066576 0.000010 0.027388 0.905975 0.000010
0.000010 0.000010 0.000010 0.000010 0.180927 0.000010 0.011760 0.806630 0.000634
0.000010 0.000010 0.000010 0.000010 0.037610 0.000010 0.007354 0.954977 0.000010
0.000010 0.000010 0.004187 0.000010 0.094718 0.000010 0.023740 0.877305 0.000010
0.000010 0.000010 0.021593 0.008991 0.308635 0.001926 0.007982 0.647702 0.003152
0.000010 0.000010 0.000010 0.000010 0.000010 0.000010 0.020477 0.975998 0.003465
0.000010 0.000010 0.000010 0.000010 0.000010 0.000010 0.013614 0.977874 0.008451
0.000010 0.000010 0.000010 0.000010 0.332308 0.000010 0.006207 0.661129 0.000305
0.000010 0.007851 0.000010 0.000010 0.072255 0.000010 0.019938 0.895274 0.004641
0.000010 0.009269 0.000010 0.000010 0.133432 0.000010 0.000010 0.847453 0.009797
0.000010 0.000010 0.000010 0.000010 0.000010 0.000010 0.018542 0.981388 0.000010
0.000010 0.000010 0.000010 0.000010 0.307941 0.000010 0.003027 0.685279 0.003703
0.000010 0.018381 0.000010 0.000010 0.076366 0.000010 0.000010 0.905194 0.000010
0.000010 0.020534 0.000010 0.000017 0.045955 0.000010 0.005767 0.927687 0.000010
0.000010 0.000010 0.000010 0.000010 0.154216 0.000010 0.006642 0.833903 0.005189
0.000010 0.007846 0.000010 0.000010 0.090362 0.000010 0.006044 0.890923 0.004783
0.000010 0.000010 0.000010 0.000014 0.130793 0.000010 0.008388 0.854699 0.006066
0.000010 0.000010 0.000010 0.000010 0.000010 0.000010 0.000010 0.997323 0.002607
0.000010 0.000010 0.007054 0.000010 0.104904 0.000010 0.008369 0.879622 0.000010
0.000010 0.000010 0.000010 0.000010 0.000010 0.000010 0.008811 0.989198 0.001931
0.000010 0.001518 0.005964 0.000010 0.088750 0.000010 0.012779 0.886660 0.004299
0.000010 0.015591 0.000010 0.000010 0.059121 0.000010 0.008339 0.913862 0.003047
0.000010 0.000010 0.000010 0.000010 0.000010 0.000010 0.000010 0.992128 0.007802
0.000010 0.008060 0.000299 0.000010 0.051615 0.000010 0.010201 0.922927 0.006867
0.000010 0.000010 0.000010 0.000010 0.091629 0.000010 0.029941 0.872985 0.005395
0.000010 0.000010 0.000010 0.000010 0.000010 0.000010 0.025496 0.971611 0.002833
0.000010 0.000010 0.000010 0.000010 0.000010 0.000010 0.010131 0.987994 0.001815
0.000010 0.000010 0.000010 0.000010 0.107709 0.000010 0.007327 0.874530 0.010385
0.000010 0.000010 0.000010 0.000010 0.048246 0.000010 0.022933 0.928762 0.000010
0.000010 0.000010 0.000010 0.000010 0.008664 0.000010 0.008667 0.982609 0.000010
0.000010 0.000010 0.000010 0.000010 0.135795 0.000010 0.000010 0.864135 0.000010
0.000010 0.000010 0.000010 0.000010 0.057569 0.000010 0.021902 0.918497 0.001981
0.000010 0.004103 0.000010 0.000010 0.080637 0.000010 0.003807 0.907393 0.004020
0.000010 0.010485 0.000010 0.000010 0.280079 0.000010 0.000010 0.709376 0.000010
0.000010 0.000010 0.005447 0.000010 0.065673 0.000010 0.003868 0.924963 0.000010
0.000010 0.000010 0.000010 0.000010 0.000010 0.000010 0.014837 0.979456 0.005647
0.000010 0.004396 0.000010 0.000010 0.000010 0.000010 0.008402 0.987143 0.000010
0.000010 0.009096 0.000010 0.000010 0.056996 0.000010 0.002035 0.931822 0.000010
0.000010 0.586272 0.000010 0.000010 0.000010 0.000010 0.413658 0.000010 0.000010
0.000010 0.590144 0.000010 0.000010 0.000010 0.000010 0.409786 0.000010 0.000010
0.000010 0.601469 0.000010 0.000010 0.000010 0.000010 0.398461 0.000010 0.000010
0.000010 0.600144 0.000010 0.000010 0.000010 0.000010 0.399786 0.000010 0.000010
0.000010 0.548373 0.000010 0.000010 0.000010 0.000010 0.447914 0.000010 0.003653
0.000010 0.594505 0.000010 0.000010 0.000010 0.000010 0.405425 0.000010 0.000010
0.000010 0.596713 0.000010 0.000010 0.000010 0.000010 0.403217 0.000010 0.000010
0.000010 0.598502 0.000010 0.000010 0.000010 0.000010 0.401428 0.000010 0.000010
0.000010 0.589776 0.000010 0.000010 0.000010 0.000010 0.410154 0.000010 0.000010
0.000010 0.607142 0.000010 0.000010 0.000010 0.000010 0.392788 0.000010 0.000010
0.000010 0.623489 0.000010 0.000010 0.000010 0.000010 0.376441 0.000010 0.000010
0.000010 0.546719 0.000010 0.000010 0.000010 0.000010 0.446431 0.004493 0.002307
0.000010 0.606799 0.000010 0.000010 0.000010 0.000010 0.393131 0.000010 0.000010
0.000010 0.592602 0.000010 0.000010 0.000010 0.000010 0.407328 0.000010 0.000010
0.000010 0.560791 0.000010 0.000010 0.000010 0.000010 0.439139 0.000010 0.000010
0.000010 0.573016 0.000010 0.000010 0.000010 0.000010 0.426914 0.000010 0.000010
0.000010 0.584532 0.000010 0.000010 0.000010 0.000010 0.414301 0.000010 0.001107
0.000010 0.593991 0.000010 0.000010 0.000010 0.000010 0.400444 0.000010 0.005505
0.000010 0.563529 0.000010 0.000010 0.000010 0.000010 0.436401 0.000010 0.000010
0.000010 0.551454 0.000010 0.000010 0.000010 0.000010 0.448476 0.000010 0.000010
0.000010 0.597685 0.000010 0.000010 0.000010 0.000010 0.402245 0.000010 0.000010
0.000010 0.582816 0.000010 0.000010 0.000010 0.000010 0.417114 0.000010 0.000010
0.000010 0.552995 0.000010 0.000010 0.000010 0.000010 0.446935 0.000010 0.000010
0.000010 0.602227 0.000010 0.000010 0.000010 0.000010 0.397703 0.000010 0.000010
0.000010 0.595618 0.000010 0.000010 0.000010 0.000010 0.404312 0.000010 0.000010
0.000010 0.604206 0.000010 0.000010 0.000010 0.000010 0.395724 0.000010 0.000010
0.000010 0.552514 0.000010 0.000010 0.000010 0.000010 0.447416 0.000010 0.000010
0.000010 0.589296 0.000010 0.000010 0.000010 0.000010 0.410634 0.000010 0.000010
0.000010 0.559442 0.000010 0.000010 0.000010 0.000010 0.440488 0.000010 0.000010
0.000010 0.566134 0.000010 0.000010 0.000010 0.000010 0.433796 0.000010 0.000010
0.000010 0.549577 0.000010 0.000010 0.000010 0.000010 0.450353 0.000010 0.000010
0.000010 0.631881 0.000010 0.000010 0.000010 0.000010 0.368049 0.000010 0.000010
0.000010 0.592872 0.000010 0.000010 0.000010 0.000010 0.407058 0.000010 0.000010
0.000010 0.552366 0.000010 0.000010 0.000010 0.000010 0.447564 0.000010 0.000010
0.000010 0.547340 0.000010 0.000010 0.000010 0.000010 0.452590 0.000010 0.000010
0.000010 0.633476 0.000010 0.000010 0.000010 0.000010 0.366454 0.000010 0.000010
0.000010 0.592711 0.000010 0.000010 0.000010 0.000010 0.407219 0.000010 0.000010
0.000010 0.587051 0.000010 0.000010 0.000010 0.000010 0.412879 0.000010 0.000010
0.000010 0.618962 0.000010 0.000010 0.000010 0.000010 0.380968 0.000010 0.000010
0.000010 0.552924 0.000010 0.000010 0.000010 0.000010 0.447006 0.000010 0.000010
0.000010 0.564703 0.000010 0.000010 0.000010 0.000010 0.435227 0.000010 0.000010
0.000010 0.609947 0.000010 0.000010 0.000010 0.000010 0.389983 0.000010 0.000010
0.045181 0.008866 0.003997 0.039856 0.738632 0.013010 0.000010 0.000010 0.150437
0.070620 0.002840 0.005723 0.026833 0.600293 0.075829 0.000275 0.000010 0.217577
0.018179 0.000010 0.028784 0.014038 0.770283 0.040448 0.000010 0.000010 0.128238
0.000010 0.542428 0.000010 0.000010 0.000010 0.000010 0.457502 0.000010 0.000010
0.000010 0.542440 0.000010 0.000010 0.000010 0.000010 0.457490 0.000010 0.000010
0.000010 0.482926 0.000010 0.000010 0.000010 0.000010 0.514648 0.000010 0.002366
0.000010 0.580792 0.000010 0.000010 0.000010 0.000010 0.419138 0.000010 0.000010
0.000010 0.555369 0.000010 0.000010 0.000010 0.000010 0.444561 0.000010 0.000010
0.000010 0.614558 0.000010 0.000010 0.000010 0.000010 0.385372 0.000010 0.000010
0.000010 0.537250 0.000010 0.000010 0.000010 0.000010 0.462680 0.000010 0.000010
0.000010 0.535990 0.000010 0.000010 0.000010 0.000010 0.463940 0.000010 0.000010
0.000010 0.673925 0.000010 0.000010 0.000010 0.000010 0.326005 0.000010 0.000010
0.000010 0.555911 0.000010 0.000010 0.000010 0.000010 0.444019 0.000010 0.000010
0.000010 0.544342 0.000010 0.000010 0.000010 0.000010 0.453477 0.000010 0.002121
0.000010 0.603714 0.005775 0.000010 0.000010 0.000010 0.390450 0.000010 0.000010
0.000010 0.320983 0.000010 0.000010 0.000010 0.000010 0.666943 0.010951 0.001073
0.000010 0.554566 0.000010 0.000010 0.000010 0.000010 0.445364 0.000010 0.000010
0.000010 0.526414 0.000010 0.000010 0.000010 0.000010 0.473516 0.000010 0.000010
0.000010 0.531554 0.000010 0.000010 0.000010 0.000010 0.468376 0.000010 0.000010
0.000010 0.601590 0.000010 0.000010 0.000010 0.000010 0.398340 0.000010 0.000010
0.000010 0.482896 0.000010 0.000010 0.000010 0.000010 0.517034 0.000010 0.000010
0.000010 0.589849 0.000010 0.000010 0.000010 0.000010 0.410081 0.000010 0.000010
0.000010 0.582968 0.000010 0.000010 0.000010 0.000010 0.416962 0.000010 0.000010
0.000010 0.539716 0.000010 0.000010 0.000010 0.000010 0.460214 0.000010 0.000010
0.000010 0.532259 0.000010 0.000010 0.000010 0.000010 0.467671 0.000010 0.000010
0.000010 0.561051 0.000010 0.000010 0.000010 0.000010 0.438879 0.000010 0.000010
0.000010 0.543689 0.000010 0.000010 0.000010 0.000010 0.456241 0.000010 0.000010
0.000010 0.540527 0.000010 0.000010 0.000010 0.000010 0.459223 0.000010 0.000190
0.000010 0.556481 0.000010 0.000010 0.000010 0.000010 0.443449 0.000010 0.000010
0.000856 0.563087 0.000010 0.000010 0.002984 0.006469 0.423747 0.001996 0.000841
0.000010 0.583859 0.000010 0.000010 0.000010 0.000010 0.416071 0.000010 0.000010
0.000010 0.662592 0.000010 0.000010 0.000010 0.000010 0.337338 0.000010 0.000010
0.000010 0.539017 0.000010 0.000010 0.000010 0.000010 0.460913 0.000010 0.000010
0.000010 0.572963 0.000010 0.000010 0.000010 0.000010 0.426967 0.000010 0.000010
0.000010 0.606285 0.000010 0.000010 0.000010 0.000010 0.393645 0.000010 0.000010
0.000010 0.559911 0.000010 0.000010 0.000010 0.000010 0.440019 0.000010 0.000010
0.000010 0.558016 0.000010 0.000010 0.000010 0.000010 0.441914 0.000010 0.000010
0.000010 0.560994 0.000010 0.000010 0.000010 0.000010 0.438936 0.000010 0.000010
0.081459 0.020241 0.008941 0.040355 0.663261 0.032065 0.000010 0.000010 0.153658
0.077272 0.001246 0.000010 0.047738 0.644735 0.045640 0.013215 0.010685 0.159458
0.039593 0.000010 0.009057 0.004397 0.784218 0.028292 0.013856 0.000010 0.120567
0.054928 0.008759 0.023369 0.025023 0.710377 0.000010 0.006442 0.000010 0.171082
0.000010 0.751484 0.000010 0.000010 0.000010 0.000010 0.248446 0.000010 0.000010
0.000010 0.690840 0.000010 0.000010 0.000010 0.000010 0.309090 0.000010 0.000010
0.000010 0.725916 0.000010 0.000010 0.000010 0.000010 0.274014 0.000010 0.000010
0.000010 0.668371 0.000010 0.000010 0.000010 0.000010 0.331559 0.000010 0.000010
0.000010 0.689115 0.000010 0.000010 0.000010 0.000010 0.310815 0.000010 0.000010
0.000010 0.671717 0.000010 0.000010 0.000010 0.000010 0.328213 0.000010 0.000010
0.000010 0.667277 0.000010 0.000010 0.000010 0.000010 0.332653 0.000010 0.000010
0.000010 0.724406 0.000010 0.000010 0.000010 0.000010 0.275524 0.000010 0.000010
0.000010 0.675910 0.000010 0.000010 0.000010 0.000010 0.324020 0.000010 0.000010
0.000010 0.720516 0.000010 0.000010 0.000010 0.000010 0.279414 0.000010 0.000010
0.000010 0.688825 0.000010 0.000010 0.000010 0.000010 0.311105 0.000010 0.000010
0.000010 0.676974 0.000010 0.000010 0.000010 0.000010 0.322956 0.000010 0.000010
0.000010 0.706821 0.000010 0.000010 0.000010 0.000010 0.293109 0.000010 0.000010
0.000010 0.699490 0.000010 0.000010 0.000010 0.000010 0.300440 0.000010 0.000010
0.000010 0.674238 0.000010 0.000010 0.000010 0.000010 0.325692 0.000010 0.000010
0.000010 0.723081 0.000010 0.000010 0.000010 0.000010 0.276849 0.000010 0.000010
0.000010 0.720125 0.000010 0.000010 0.000010 0.000010 0.278487 0.000010 0.001328
0.000010 0.650660 0.000010 0.000010 0.000010 0.000010 0.345168 0.000010 0.004112
0.000010 0.697744 0.000010 0.000010 0.000010 0.000010 0.302186 0.000010 0.000010
0.000010 0.651702 0.000010 0.000010 0.000010 0.000010 0.348228 0.000010 0.000010
0.000010 0.654253 0.000010 0.000010 0.000010 0.000010 0.339931 0.000010 0.005755
0.000010 0.680810 0.000010 0.000010 0.000010 0.000010 0.319120 0.000010 0.000010
0.000010 0.721928 0.000010 0.000010 0.000010 0.000010 0.278002 0.000010 0.000010
0.000010 0.693812 0.000010 0.000010 0.000010 0.000010 0.306118 0.000010 0.000010
0.000010 0.691683 0.000010 0.000010 0.000010 0.000010 0.308247 0.000010 0.000010
0.000010 0.737796 0.000010 0.000010 0.000010 0.000010 0.262134 0.000010 0.000010
0.000010 0.735775 0.000010 0.000010 0.000010 0.000010 0.264155 0.000010 0.000010
0.000010 0.687869 0.000010 0.000010 0.000010 0.000010 0.312061 0.000010 0.000010
0.007512 0.013864 0.000010 0.024559 0.852198 0.000010 0.000010 0.013175 0.088661
0.035316 0.009916 0.000010 0.001230 0.794043 0.008129 0.006925 0.000010 0.144420
0.042740 0.000010 0.000010 0.000010 0.657564 0.070774 0.000010 0.017906 0.210976
0.034584 0.000010 0.000010 0.026005 0.757828 0.000010 0.000010 0.053166 0.128378
0.044963 0.000010 0.000010 0.016291 0.756140 0.022258 0.000848 0.041503 0.117977
0.024988 0.000327 0.000010 0.002441 0.716472 0.016044 0.000010 0.184360 0.055347
0.051128 0.013272 0.000010 0.028119 0.704583 0.040020 0.003889 0.000010 0.158969
0.030428 0.000010 0.000010 0.001554 0.850074 0.033738 0.000010 0.014107 0.070070
0.033876 0.000010 0.000010 0.035069 0.673242 0.009075 0.017358 0.000010 0.231349
0.000010 0.966901 0.005915 0.000010 0.000010 0.000010 0.025294 0.000010 0.001839
0.000010 0.999920 0.000010 0.000010 0.000010 0.000010 0.000010 0.000010 0.000010
0.000010 0.995961 0.000010 0.000010 0.000010 0.000010 0.003969 0.000010 0.000010
0.000010 0.999920 0.000010 0.000010 0.000010 0.000010 0.000010 0.000010 0.000010
0.000010 0.975757 0.010354 0.000010 0.000010 0.000010 0.013828 0.000010 0.000010
0.000010 0.964332 0.000010 0.000010 0.000010 0.000010 0.035598 0.000010 0.000010
0.000010 0.997992 0.000010 0.000010 0.000010 0.000010 0.001938 0.000010 0.000010
0.000010 0.999920 0.000010 0.000010 0.000010 0.000010 0.000010 0.000010 0.000010
0.000010 0.897288 0.000010 0.000012 0.000010 0.000010 0.102640 0.000010 0.000010
0.000010 0.910626 0.002685 0.000010 0.000010 0.000010 0.086629 0.000010 0.000010
0.000010 0.955689 0.000010 0.000010 0.000010 0.000010 0.044241 0.000010 0.000010
0.000010 0.989421 0.000010 0.000010 0.000010 0.000010 0.010509 0.000010 0.000010
0.000010 0.999920 0.000010 0.000010 0.000010 0.000010 0.000010 0.000010 0.000010
0.000010 0.999920 0.000010 0.000010 0.000010 0.000010 0.000010 0.000010 0.000010
0.000010 0.969118 0.000010 0.000010 0.000010 0.000010 0.030812 0.000010 0.000010
0.062508 0.005754 0.000010 0.000010 0.770180 0.017000 0.000010 0.048473 0.096056
0.046532 0.009813 0.000010 0.033835 0.707656 0.036516 0.000010 0.021416 0.144213
0.074000 0.014676 0.000010 0.027635 0.609391 0.115224 0.000010 0.023922 0.135132
0.079584 0.000010 0.014725 0.088238 0.541349 0.037773 0.011798 0.030114 0.196409
0.085690 0.010218 0.001248 0.000010 0.565542 0.142701 0.000010 0.000010 0.194571
0.020131 0.000010 0.000010 0.000010 0.750050 0.047062 0.008705 0.000010 0.174012
0.057115 0.000010 0.000010 0.038570 0.738191 0.026612 0.008888 0.019675 0.110929
0.072924 0.000010 0.000010 0.011484 0.650607 0.038063 0.009157 0.061934 0.155812
0.023759 0.000010 0.000010 0.039440 0.730455 0.034187 0.033960 0.027307 0.110872
0.027706 0.000010 0.000010 0.042027 0.771022 0.000010 0.012887 0.000010 0.146318
0.136731 0.007391 0.008889 0.050430 0.497570 0.164837 0.000010 0.000010 0.134132
0.027165 0.006533 0.000010 0.064144 0.690428 0.077248 0.006670 0.000010 0.127792
0.058516 0.000010 0.000010 0.010759 0.708528 0.000010 0.020774 0.070260 0.131133
0.044806 0.008105 0.000010 0.033415 0.754601 0.000010 0.000010 0.002532 0.156512
0.055133 0.000010 0.005587 0.020339 0.739930 0.002244 0.012128 0.000696 0.163932
0.028632 0.000293 0.000184 0.023089 0.766216 0.003490 0.010719 0.001549 0.165828
0.052608 0.000010 0.000010 0.005359 0.759156 0.020060 0.000010 0.000010 0.162776
0.044844 0.005664 0.020096 0.026310 0.737993 0.000010 0.000010 0.000010 0.165063
0.036632 0.000010 0.009130 0.032307 0.782010 0.026521 0.009262 0.041589 0.062539
0.091583 0.000010 0.018045 0.034273 0.585142 0.071316 0.017744 0.000010 0.181878
0.042354 0.000010 0.010487 0.052792 0.662924 0.075499 0.027420 0.000010 0.128504
0.031554 0.003473 0.003615 0.013431 0.678918 0.044172 0.000010 0.000010 0.224817
0.095025 0.014505 0.002262 0.016028 0.622384 0.097887 0.000010 0.000010 0.151888
0.068611 0.002574 0.000010 0.000010 0.711582 0.034081 0.000010 0.000010 0.183112
0.053962 0.000010 0.021019 0.004408 0.686774 0.059689 0.013533 0.019231 0.141374
0.018400 0.000010 0.010981 0.037903 0.659577 0.070104 0.002935 0.000010 0.200080
0.097788 0.009512 0.009803 0.033831 0.622817 0.057779 0.000010 0.044349 0.124111
0.014250 0.013265 0.007856 0.004528 0.681137 0.125997 0.000010 0.006361 0.146596
0.117049 0.000010 0.014426 0.047341 0.576452 0.089552 0.008581 0.000010 0.146579
0.064301 0.010907 0.000010 0.029366 0.674604 0.043354 0.000010 0.039838 0.137610
0.059475 0.018549 0.000010 0.019553 0.724493 0.028388 0.000010 0.007727 0.141795
0.074112 0.000010 0.000010 0.001410 0.731966 0.021271 0.007796 0.007420 0.156005
0.030125 0.000010 0.000010 0.035173 0.747325 0.033191 0.008362 0.000010 0.145796
0.062054 0.007094 0.000010 0.054667 0.673610 0.028176 0.000010 0.000010 0.174368
0.064288 0.000010 0.000010 0.018322 0.659172 0.085672 0.000010 0.040062 0.132453
0.020220 0.005551 0.011030 0.011579 0.752380 0.062530 0.010621 0.000010 0.126079
0.050642 0.000010 0.000010 0.024473 0.758771 0.013523 0.009064 0.059240 0.084268
0.055253 0.007383 0.000010 0.088415 0.642385 0.078432 0.000010 0.009536 0.118576
0.055377 0.008316 0.003621 0.019514 0.671406 0.055733 0.000010 0.039261 0.146762
0.060574 0.000010 0.000010 0.029416 0.689955 0.032307 0.009036 0.028755 0.149938
0.000010 0.000010 0.000010 0.009311 0.837835 0.011762 0.006918 0.053102 0.081042
0.000010 0.000010 0.000570 0.009354 0.685424 0.000010 0.009772 0.000010 0.294840
0.012932 0.012123 0.001221 0.000010 0.816319 0.013579 0.005545 0.000010 0.138262
0.015084 0.000010 0.016971 0.018970 0.574045 0.005542 0.005189 0.053165 0.311023
0.016340 0.000010 0.000010 0.040985 0.652323 0.014138 0.000010 0.040348 0.235837
0.038444 0.011952 0.006232 0.011343 0.492932 0.083340 0.001824 0.048858 0.305074
0.056578 0.021013 0.000010 0.031724 0.627946 0.000010 0.000010 0.000010 0.262698
0.006360 0.000010 0.017672 0.019224 0.631897 0.035446 0.001705 0.026375 0.261312
0.009258 0.004098 0.000010 0.022686 0.650749 0.035600 0.012592 0.000010 0.264998
0.000010 0.011843 0.005770 0.016797 0.793532 0.000010 0.000010 0.000010 0.172018
0.059864 0.007823 0.000010 0.059155 0.598404 0.004377 0.000010 0.027005 0.243352
0.052778 0.011808 0.000010 0.025940 0.588335 0.010970 0.000010 0.022077 0.288073
0.016029 0.004550 0.002954 0.000010 0.591764 0.002577 0.015926 0.018055 0.348134
0.052835 0.000010 0.000010 0.000010 0.485235 0.125808 0.003959 0.031644 0.300490
0.032603 0.000010 0.008885 0.004711 0.643733 0.000010 0.008238 0.013605 0.288205
0.108630 0.009235 0.015217 0.027666 0.424271 0.046329 0.000010 0.000010 0.368631
0.000010 0.000010 0.000010 0.025075 0.632390 0.031962 0.000010 0.038829 0.271705
0.035097 0.000010 0.011247 0.035956 0.426506 0.030134 0.010740 0.000010 0.450301
0.114592 0.009881 0.000010 0.026104 0.646238 0.029657 0.000010 0.000010 0.173498
0.048654 0.006686 0.024428 0.047907 0.698500 0.000010 0.000010 0.004979 0.168825
0.056659 0.002044 0.000010 0.038745 0.761355 0.000010 0.012747 0.006229 0.122199
0.104191 0.000010 0.014538 0.060537 0.534299 0.068328 0.000010 0.076745 0.141343
0.013637 0.000010 0.031376 0.000010 0.867830 0.008411 0.008083 0.000010 0.070633
0.017873 0.000010 0.007592 0.021409 0.678249 0.087320 0.013029 0.004131 0.170387
0.079142 0.000010 0.000010 0.051600 0.595853 0.075397 0.014713 0.031589 0.151686
0.054247 0.000010 0.000010 0.000010 0.833184 0.011044 0.010102 0.023322 0.068070
0.017806 0.000010 0.000010 0.000010 0.792061 0.041829 0.015751 0.011730 0.120794
0.031084 0.008761 0.000010 0.032402 0.690908 0.034941 0.003435 0.017455 0.181004
0.038865 0.000010 0.008818 0.000010 0.697056 0.037561 0.029342 0.000010 0.188328
0.121166 0.000010 0.007586 0.000010 0.681653 0.026175 0.016861 0.000010 0.146530
0.075529 0.000010 0.000010 0.043763 0.675467 0.000010 0.008572 0.024574 0.172066
0.084040 0.001826 0.000010 0.049983 0.517071 0.080616 0.000010 0.023585 0.242859
0.090380 0.024797 0.001838 0.043746 0.551811 0.079119 0.001855 0.000010 0.206444
0.052102 0.000010 0.002044 0.011458 0.609331 0.091573 0.018182 0.000010 0.215290
0.065161 0.016868 0.008653 0.000010 0.675010 0.027052 0.000010 0.011111 0.196127
0.044255 0.003645 0.003126 0.004108 0.769496 0.015034 0.000010 0.000010 0.160315
0.097233 0.014119 0.000010 0.018421 0.648810 0.068731 0.000010 0.000010 0.152656
0.031448 0.000010 0.000010 0.009302 0.836070 0.000010 0.015670 0.008939 0.098542
0.044983 0.024120 0.013870 0.014054 0.745534 0.038331 0.000010 0.000010 0.119087
0.035318 0.008904 0.000010 0.015882 0.730161 0.062809 0.000010 0.018353 0.128554
0.044362 0.000010 0.000010 0.039568 0.609375 0.104293 0.016343 0.003384 0.182655
0.041363 0.000477 0.022991 0.024379 0.739258 0.049763 0.012130 0.000010 0.109630
0.015954 0.000010 0.002242 0.051837 0.570351 0.000010 0.019829 0.022645 0.317122
0.011157 0.000010 0.000010 0.005353 0.662586 0.004158 0.016391 0.038600 0.261736
0.000010 0.000010 0.000010 0.038464 0.666237 0.000010 0.017133 0.016481 0.261645
0.082663 0.000010 0.000010 0.025471 0.514197 0.074169 0.023148 0.000010 0.280321
0.000010 0.000010 0.000010 0.003714 0.775957 0.000010 0.003297 0.027793 0.189199
0.014715 0.008444 0.009532 0.000010 0.610924 0.000010 0.000010 0.047228 0.309127
0.026138 0.017373 0.000010 0.000010 0.815361 0.000010 0.000010 0.022634 0.118455
0.066381 0.000010 0.013785 0.038051 0.528998 0.019259 0.015426 0.000010 0.318079
0.045838 0.003684 0.007520 0.005102 0.628886 0.016659 0.000010 0.006002 0.286298
0.066276 0.001285 0.000010 0.009593 0.645325 0.000010 0.000010 0.005805 0.271686
0.071185 0.000010 0.004460 0.058874 0.452291 0.057413 0.005985 0.042289 0.307492
0.000010 0.014602 0.000010 0.007752 0.597434 0.000010 0.000010 0.009497 0.370675
0.000010 0.000010 0.000260 0.006874 0.683430 0.006670 0.016759 0.000010 0.285977
0.004831 0.005955 0.000010 0.021951 0.701352 0.000010 0.004088 0.000010 0.261794
0.024613 0.000010 0.012006 0.000010 0.685546 0.042359 0.000010 0.000010 0.235436
0.066370 0.011123 0.000010 0.031078 0.604837 0.143096 0.000010 0.000812 0.142665
0.064358 0.016965 0.012904 0.037366 0.647038 0.027994 0.001298 0.000010 0.192067
0.075109 0.000954 0.010337 0.035240 0.633481 0.011236 0.027257 0.033820 0.172566
0.077765 0.000010 0.000010 0.042337 0.644140 0.033008 0.007527 0.002126 0.193077
0.115886 0.001286 0.000010 0.021397 0.596591 0.097140 0.007508 0.000010 0.160172
0.011227 0.006223 0.015478 0.031557 0.765098 0.039578 0.003032 0.032484 0.095323
0.056108 0.000010 0.000010 0.013725 0.706754 0.061215 0.010526 0.000010 0.151641
0.026999 0.007998 0.000759 0.018183 0.705071 0.069166 0.000010 0.000010 0.171803
0.055620 0.000010 0.001562 0.008219 0.720976 0.071166 0.005357 0.033590 0.103500
0.070212 0.000010 0.000010 0.015565 0.697897 0.013354 0.002477 0.000010 0.200466
0.000010 0.000010 0.007173 0.000010 0.655718 0.000010 0.000010 0.337049 0.000010
0.000010 0.000010 0.006078 0.000010 0.355071 0.000010 0.015753 0.022935 0.600124
0.104493 0.012441 0.000010 0.052185 0.400550 0.193218 0.000010 0.006300 0.230791
0.026848 0.000010 0.013309 0.000010 0.490682 0.000010 0.000010 0.058840 0.410281
0.049426 0.000010 0.000010 0.004910 0.671400 0.000010 0.022102 0.030954 0.221178
0.000010 0.000010 0.023429 0.000010 0.530634 0.033705 0.006534 0.000010 0.405659
0.023959 0.002346 0.011662 0.017395 0.512270 0.030549 0.000010 0.000010 0.401799
0.000010 0.010788 0.000010 0.021030 0.631235 0.000010 0.000010 0.033326 0.303582
0.011581 0.000010 0.000010 0.000010 0.752276 0.017594 0.005547 0.007528 0.205444
0.000010 0.007557 0.000010 0.015266 0.777631 0.000010 0.000010 0.021465 0.178041
0.028221 0.008813 0.025639 0.000010 0.568211 0.017786 0.000010 0.026436 0.324874
0.014146 0.022341 0.000010 0.000010 0.635039 0.000010 0.012211 0.044554 0.271680
0.030907 0.000010 0.012285 0.014240 0.668684 0.001199 0.000010 0.021612 0.251053
0.036772 0.000010 0.014237 0.006241 0.670716 0.018185 0.009441 0.000010 0.244388
0.043478 0.000010 0.000010 0.000010 0.557813 0.110614 0.015289 0.042888 0.229887
0.011604 0.025079 0.000010 0.046730 0.447808 0.105037 0.000010 0.042012 0.321710
0.035801 0.002643 0.016126 0.015674 0.507369 0.092818 0.002689 0.044887 0.281994
0.023017 0.010031 0.000010 0.008015 0.577527 0.083377 0.009364 0.026179 0.262481
0.060607 0.007714 0.009756 0.025030 0.336112 0.037184 0.000010 0.000010 0.523577
0.035006 0.008597 0.000010 0.000010 0.615936 0.000010 0.000010 0.013335 0.327087
0.011703 0.000010 0.000010 0.000010 0.704153 0.000010 0.008213 0.000010 0.275881
0.053682 0.003952 0.000010 0.024071 0.493020 0.063303 0.000010 0.043747 0.318206
0.044078 0.000010 0.006993 0.004484 0.575887 0.054458 0.015685 0.000010 0.298395
0.002434 0.000010 0.000374 0.003619 0.542061 0.033057 0.029177 0.000010 0.389258
0.026727 0.000010 0.000010 0.004930 0.699352 0.000010 0.000629 0.013204 0.255128
0.024006 0.009388 0.000010 0.002197 0.686701 0.025781 0.006839 0.005145 0.239933
0.010338 0.012116 0.016372 0.000010 0.780361 0.044592 0.000010 0.000010 0.136191
0.092609 0.007565 0.000010 0.060498 0.385521 0.134021 0.000010 0.000010 0.319756
0.073998 0.020954 0.000010 0.038624 0.621377 0.049034 0.000010 0.026258 0.169735
0.110758 0.007624 0.016008 0.066004 0.595389 0.025801 0.005913 0.023459 0.149044
0.053670 0.000010 0.000010 0.027081 0.766864 0.000010 0.015499 0.000010 0.136847
0.083903 0.000010 0.010085 0.028493 0.598670 0.057887 0.021167 0.000010 0.199775
0.148172 0.000010 0.000010 0.037779 0.630720 0.000666 0.007077 0.002054 0.173513
0.076586 0.000010 0.007215 0.013846 0.612693 0.077203 0.022322 0.000010 0.190114
0.076759 0.000010 0.000010 0.012144 0.602588 0.088364 0.017816 0.027226 0.175083
0.025140 0.000010 0.010117 0.021307 0.754799 0.053003 0.012492 0.006716 0.116417
0.054571 0.007760 0.000010 0.000609 0.678529 0.027579 0.000010 0.000010 0.230922
0.074239 0.020944 0.002857 0.055813 0.642459 0.008194 0.000010 0.000010 0.195474
0.073626 0.015414 0.008552 0.003575 0.611163 0.044612 0.000010 0.065647 0.177401
0.085390 0.000010 0.008311 0.037634 0.579099 0.000010 0.011232 0.000010 0.278303
0.000010 0.017983 0.000010 0.011577 0.705921 0.017512 0.000010 0.003288 0.243689
0.040764 0.010262 0.000010 0.003798 0.390628 0.000010 0.000010 0.023179 0.531338
0.011828 0.000010 0.000010 0.000019 0.828009 0.000010 0.020864 0.020056 0.119195
0.111621 0.000010 0.000010 0.028801 0.524550 0.042334 0.000010 0.046713 0.245951
0.000010 0.000975 0.015020 0.022884 0.507420 0.000010 0.015639 0.037991 0.400051
0.027368 0.000010 0.016247 0.016512 0.363196 0.000010 0.000010 0.017297 0.559351
0.033814 0.003344 0.009026 0.000071 0.598921 0.052119 0.018978 0.000010 0.283717
0.023455 0.000010 0.024174 0.043974 0.593087 0.010629 0.016313 0.026047 0.262310
0.026325 0.004719 0.000010 0.004227 0.553751 0.000799 0.011347 0.000010 0.398812
0.014321 0.000010 0.000010 0.000010 0.535065 0.032402 0.018884 0.000010 0.399288
0.034039 0.000010 0.004782 0.000010 0.503360 0.000010 0.001790 0.018433 0.437567
0.064835 0.000010 0.014891 0.044728 0.421610 0.059084 0.000010 0.000010 0.394820
0.094117 0.000010 0.000010 0.062906 0.360594 0.132249 0.018628 0.009235 0.322251
0.049462 0.000010 0.000010 0.000010 0.466951 0.140457 0.007885 0.010591 0.324624
0.000010 0.000865 0.000010 0.000010 0.769434 0.009553 0.009713 0.000010 0.210395
0.014814 0.011874 0.008794 0.001666 0.766705 0.000010 0.000010 0.000010 0.196117
0.024684 0.000010 0.000010 0.000010 0.758830 0.000010 0.000010 0.045076 0.171360
0.024004 0.000010 0.000010 0.000010 0.819504 0.000010 0.000010 0.000010 0.156432
0.122745 0.000010 0.016691 0.035383 0.327526 0.184373 0.019864 0.012653 0.280755
0.000010 0.012069 0.002418 0.000010 0.596295 0.032444 0.005579 0.000010 0.351165
0.042767 0.000707 0.000010 0.052658 0.639199 0.054934 0.000768 0.065974 0.142983
0.005926 0.000010 0.012251 0.000010 0.831716 0.009081 0.005772 0.000920 0.134314
0.012971 0.000010 0.012450 0.003992 0.777923 0.000010 0.009430 0.000010 0.183204
0.020109 0.000021 0.000464 0.000010 0.737690 0.008143 0.014484 0.000010 0.219068
0.029427 0.000010 0.000010 0.011503 0.444883 0.062316 0.019334 0.006060 0.426458
0.065445 0.000010 0.001802 0.009195 0.451434 0.047802 0.025770 0.025540 0.373001
