0.000010 0.000010 0.029367 0.015559 0.016243 0.000016 0.000010 0.444143 0.494642
0.005450 0.019314 0.012169 0.078120 0.000010 0.002802 0.005201 0.537466 0.339466
0.000010 0.013592 0.012010 0.002177 0.000010 0.000010 0.012417 0.480162 0.479612
0.000010 0.000010 0.000010 0.018416 0.000010 0.000010 0.035410 0.517424 0.428701
0.000010 0.000010 0.000010 0.000010 0.026910 0.008050 0.027535 0.513444 0.424021
0.000010 0.000010 0.000010 0.044420 0.017974 0.000010 0.014775 0.458364 0.464427
0.000010 0.000010 0.000010 0.016683 0.036705 0.000010 0.000010 0.555343 0.391219
0.000010 0.010946 0.000010 0.007759 0.000010 0.000010 0.009847 0.515085 0.456324
0.000010 0.019351 0.000010 0.075396 0.000010 0.000010 0.026546 0.463470 0.415197
0.000010 0.018531 0.000010 0.016988 0.018362 0.000010 0.012815 0.515760 0.417516
0.002501 0.013277 0.043798 0.014642 0.003714 0.000834 0.000010 0.536479 0.384746
0.000010 0.000010 0.025006 0.000010 0.016894 0.000010 0.000010 0.498384 0.459666
0.000010 0.051484 0.000010 0.030024 0.000010 0.000010 0.001852 0.451783 0.464817
0.000010 0.000010 0.002625 0.058479 0.001063 0.000010 0.026396 0.496764 0.414643
0.000010 0.000010 0.019687 0.000010 0.026304 0.000010 0.000010 0.550436 0.403523
0.000010 0.044560 0.000010 0.001063 0.001019 0.000010 0.000010 0.454053 0.499265
0.000010 0.000010 0.020692 0.000156 0.031310 0.000010 0.000010 0.494008 0.453795
0.000010 0.000010 0.007174 0.025544 0.002286 0.015064 0.011294 0.613082 0.325536
0.000010 0.000010 0.057622 0.000010 0.000010 0.000010 0.005397 0.474934 0.461997
0.000010 0.000010 0.000010 0.000010 0.031796 0.000010 0.000202 0.552295 0.415657
0.000010 0.000010 0.003736 0.000010 0.000010 0.000010 0.037046 0.488231 0.470938
0.000010 0.000010 0.057247 0.029411 0.000010 0.000010 0.002266 0.528906 0.382130
0.000010 0.043049 0.000010 0.000010 0.013207 0.012863 0.002789 0.478704 0.449358
0.006842 0.000010 0.000010 0.060513 0.000010 0.000010 0.011851 0.426526 0.494227
0.000010 0.000010 0.000010 0.000010 0.031935 0.000010 0.009355 0.505730 0.452929
0.000010 0.029420 0.000015 0.027319 0.023911 0.000010 0.005614 0.542501 0.371201
0.000010 0.011322 0.000010 0.044769 0.006928 0.000010 0.012922 0.474082 0.449947
0.000010 0.000010 0.000010 0.012111 0.046291 0.000010 0.000010 0.579118 0.362430
0.000010 0.000010 0.033752 0.000010 0.017278 0.000010 0.000010 0.580924 0.367996
0.000010 0.006112 0.000010 0.030065 0.000010 0.000010 0.007228 0.474303 0.482252
0.000010 0.000010 0.000010 0.004599 0.040732 0.011838 0.000010 0.456206 0.486584
0.000010 0.014063 0.000010 0.041784 0.000010 0.000010 0.004406 0.520028 0.419678
0.000194 0.000010 0.018655 0.026513 0.000010 0.000010 0.008332 0.507698 0.438578
0.000010 0.011081 0.000010 0.032914 0.033591 0.000010 0.000892 0.483128 0.438363
0.000010 0.004863 0.000010 0.000010 0.000010 0.000010 0.027320 0.557840 0.409927
0.000010 0.000010 0.035627 0.000010 0.000010 0.000010 0.024045 0.507849 0.432430
0.000010 0.009514 0.020865 0.050431 0.000010 0.000010 0.000010 0.502819 0.416332
0.000010 0.000010 0.000010 0.000010 0.041990 0.007917 0.002718 0.496081 0.451254
0.013140 0.020272 0.000010 0.004650 0.011009 0.000010 0.000010 0.536142 0.414757
0.000010 0.000010 0.000010 0.000010 0.045516 0.000010 0.000010 0.558109 0.396315
0.000010 0.000010 0.021721 0.012880 0.000010 0.000010 0.031851 0.496140 0.437367
0.000010 0.000010 0.008706 0.010034 0.008795 0.000010 0.017007 0.542820 0.412608
0.000010 0.005263 0.000010 0.037264 0.032805 0.000010 0.000010 0.531711 0.392917
0.000010 0.000010 0.000010 0.017424 0.002805 0.000010 0.020693 0.490595 0.468443
0.000010 0.000010 0.037065 0.000010 0.000010 0.000010 0.006818 0.480162 0.475904
0.001695 0.000010 0.000010 0.038604 0.030565 0.000010 0.000010 0.565488 0.363607
0.000010 0.000010 0.018216 0.040442 0.014016 0.000010 0.004836 0.508324 0.414136
0.000010 0.017466 0.000417 0.004616 0.018984 0.000010 0.000010 0.479178 0.479310
0.000010 0.000010 0.000015 0.024647 0.026470 0.000010 0.017510 0.460349 0.470979
0.000010 0.024651 0.000010 0.032241 0.000010 0.000010 0.005155 0.550612 0.387301
0.000010 0.030052 0.000010 0.000010 0.000010 0.000010 0.002565 0.503462 0.463871
0.000010 0.000010 0.000010 0.000010 0.032794 0.000010 0.000010 0.425960 0.541185
0.000010 0.000010 0.000010 0.000010 0.047305 0.000010 0.008377 0.516906 0.427362
0.005480 0.000010 0.006603 0.009620 0.049423 0.000010 0.003050 0.548891 0.376913
0.000010 0.006890 0.021362 0.004992 0.006135 0.000010 0.000010 0.566565 0.394026
0.000010 0.022250 0.011588 0.002426 0.005378 0.000010 0.033432 0.020596 0.904310
0.000010 0.000010 0.041659 0.000010 0.042374 0.000010 0.007713 0.084945 0.823268
0.000010 0.000010 0.026743 0.002959 0.037342 0.007961 0.004974 0.250885 0.669117
0.000010 0.078821 0.000010 0.000010 0.029429 0.003308 0.004327 0.105669 0.778417
0.000010 0.015651 0.037313 0.017579 0.047943 0.000010 0.001782 0.067846 0.811865
0.000010 0.056389 0.000010 0.000010 0.034521 0.005343 0.000010 0.105889 0.797817
0.000010 0.024280 0.000010 0.000010 0.009756 0.000010 0.034201 0.085289 0.846434
0.000010 0.028334 0.001818 0.040896 0.032697 0.000010 0.013329 0.092241 0.790665
0.017386 0.023867 0.000010 0.075033 0.029100 0.000010 0.000010 0.184042 0.670541
0.012611 0.019773 0.000010 0.014991 0.056982 0.000010 0.003926 0.055743 0.835955
0.000010 0.017525 0.000010 0.021430 0.057965 0.000010 0.019344 0.087795 0.795910
0.000010 0.056801 0.016793 0.001689 0.023978 0.000010 0.005831 0.042045 0.852844
0.000010 0.000010 0.000010 0.065572 0.073004 0.000010 0.000010 0.047403 0.813971
0.000010 0.065294 0.000010 0.017504 0.000010 0.000010 0.012983 0.063661 0.840518
0.000010 0.050789 0.000010 0.000010 0.029264 0.000438 0.005284 0.103781 0.810414
0.000010 0.064698 0.000010 0.000010 0.001777 0.000010 0.029956 0.175040 0.728489
0.015414 0.005224 0.057470 0.021054 0.000010 0.000010 0.012750 0.211007 0.677061
0.000010 0.000010 0.000010 0.021669 0.025818 0.000010 0.018019 0.558089 0.376366
0.000010 0.011352 0.000010 0.045686 0.003330 0.000010 0.000010 0.556264 0.383329
0.012669 0.000010 0.064140 0.000010 0.000010 0.007934 0.002079 0.512313 0.400834
0.000010 0.000010 0.018767 0.020745 0.004895 0.000010 0.007991 0.455841 0.491730
0.000010 0.007855 0.024216 0.000010 0.000569 0.000010 0.014320 0.546056 0.406954
0.000010 0.025227 0.018064 0.000010 0.000010 0.000010 0.006846 0.481515 0.468308
0.000010 0.017787 0.011473 0.031598 0.000010 0.000010 0.000010 0.490959 0.448143
0.000010 0.000010 0.000010 0.000010 0.046529 0.000010 0.023961 0.548583 0.380876
0.000010 0.000010 0.000018 0.027816 0.055327 0.000010 0.000100 0.484510 0.432199
0.000010 0.000010 0.000010 0.000010 0.013768 0.000010 0.016276 0.529394 0.440512
0.000010 0.000010 0.042527 0.000010 0.019257 0.000010 0.019895 0.521992 0.396289
0.000010 0.023911 0.000010 0.000010 0.018708 0.000010 0.000010 0.511608 0.445723
0.000010 0.010348 0.000010 0.019518 0.005635 0.000010 0.000010 0.628334 0.336126
0.000010 0.016264 0.000010 0.003615 0.022525 0.011852 0.000010 0.605538 0.340177
0.000010 0.021365 0.000010 0.000010 0.000010 0.000010 0.010285 0.526197 0.442103
0.000010 0.000010 0.000010 0.037990 0.000010 0.003436 0.016202 0.482065 0.460267
0.000010 0.000010 0.012043 0.067195 0.000010 0.000010 0.031266 0.488487 0.400968
0.000010 0.007136 0.007262 0.043911 0.000010 0.000010 0.000010 0.479383 0.462267
0.000010 0.000010 0.000010 0.002683 0.022720 0.000010 0.000010 0.472109 0.502438
0.000010 0.010123 0.010487 0.008591 0.000010 0.000010 0.012437 0.539300 0.419032
0.000010 0.000010 0.000010 0.004699 0.034497 0.000010 0.002958 0.535459 0.422347
0.000010 0.000010 0.000010 0.058540 0.000010 0.000010 0.013517 0.451744 0.476149
0.000010 0.000010 0.000010 0.035831 0.000010 0.000010 0.001099 0.501744 0.461275
0.000010 0.000452 0.030350 0.000010 0.000010 0.000010 0.000010 0.500953 0.468195
0.000010 0.000010 0.000010 0.049872 0.000010 0.000010 0.034685 0.501897 0.413497
0.000010 0.004852 0.021418 0.036241 0.011460 0.000010 0.000010 0.487763 0.438237
0.000010 0.000010 0.029352 0.042191 0.014692 0.000010 0.007508 0.556478 0.349749
0.000010 0.000010 0.012802 0.007984 0.000010 0.000010 0.032572 0.559193 0.387408
0.000010 0.032388 0.010150 0.015208 0.000010 0.000010 0.005905 0.574190 0.362129
0.002648 0.000010 0.029177 0.004671 0.037938 0.000010 0.000010 0.490092 0.435444
0.005045 0.000010 0.000010 0.050680 0.000010 0.000010 0.004889 0.466845 0.472501
0.006118 0.000010 0.048258 0.038336 0.037026 0.000010 0.000010 0.079131 0.791102
0.000010 0.000010 0.020922 0.022133 0.073473 0.000010 0.000010 0.068229 0.815203
0.016227 0.000010 0.037971 0.000010 0.008609 0.000010 0.011621 0.183432 0.742109
0.000010 0.000010 0.000010 0.000010 0.072297 0.000010 0.009886 0.040768 0.876999
0.000010 0.011985 0.046612 0.000010 0.000010 0.002359 0.011938 0.000010 0.927066
0.010135 0.030646 0.040773 0.000010 0.000010 0.029265 0.007791 0.000010 0.881361
0.000010 0.025466 0.009580 0.023842 0.020961 0.000010 0.023019 0.169538 0.727574
0.000010 0.035931 0.000010 0.026602 0.027375 0.000010 0.000010 0.135302 0.774750
0.008311 0.000010 0.012877 0.000010 0.058466 0.000010 0.000042 0.227136 0.693138
0.008605 0.031370 0.016073 0.000010 0.062223 0.000010 0.008393 0.059614 0.813703
0.000010 0.000010 0.000010 0.000010 0.029852 0.000010 0.027435 0.247031 0.695632
0.007973 0.057608 0.000010 0.031732 0.000010 0.000010 0.016465 0.064785 0.821407
0.004208 0.019167 0.005314 0.052723 0.012566 0.000010 0.014098 0.119250 0.772662
0.000010 0.036973 0.033940 0.025580 0.011071 0.000010 0.000010 0.140677 0.751729
0.022347 0.012020 0.000010 0.030650 0.040647 0.000010 0.021939 0.086288 0.786087
0.000010 0.062053 0.000010 0.000010 0.030010 0.000010 0.024548 0.150143 0.733207
0.000010 0.030545 0.010901 0.015372 0.045894 0.000010 0.000010 0.000010 0.897248
0.001377 0.010232 0.000010 0.058891 0.031182 0.000010 0.003224 0.005931 0.889143
0.000010 0.046508 0.000010 0.012389 0.031965 0.000010 0.001912 0.034293 0.872902
0.000010 0.038255 0.007790 0.018037 0.011322 0.000010 0.000010 0.047856 0.876712
0.000010 0.023062 0.010484 0.030487 0.029509 0.002191 0.000010 0.165017 0.739230
0.000010 0.000010 0.026129 0.003487 0.046014 0.000010 0.000010 0.109052 0.815279
0.000010 0.008498 0.000010 0.000010 0.105105 0.012757 0.000010 0.132671 0.740930
0.000010 0.029246 0.009493 0.036393 0.000010 0.000010 0.013636 0.175015 0.736188
0.000010 0.023267 0.000010 0.037453 0.000010 0.003680 0.022270 0.228236 0.685063
0.000010 0.063527 0.000010 0.000010 0.000010 0.000010 0.000010 0.016952 0.919461
0.000010 0.000010 0.009687 0.003166 0.052240 0.003977 0.028658 0.061674 0.840579
0.000010 0.067907 0.000010 0.000010 0.000010 0.000010 0.000010 0.212319 0.719714
0.000010 0.067741 0.000010 0.026778 0.006735 0.000504 0.017085 0.153140 0.727997
0.000010 0.050867 0.000010 0.020965 0.037476 0.001825 0.006738 0.162400 0.719709
0.000010 0.000010 0.010658 0.019582 0.078181 0.000010 0.000010 0.103514 0.788025
0.000010 0.003502 0.000010 0.072393 0.046934 0.000010 0.000010 0.017991 0.859140
0.007579 0.083282 0.000010 0.000010 0.006820 0.000010 0.000010 0.040615 0.861664
0.000010 0.061430 0.000010 0.018610 0.032488 0.000010 0.000010 0.000010 0.887423
0.000010 0.065783 0.000010 0.002447 0.000010 0.006753 0.015484 0.084526 0.824977
0.006794 0.004826 0.042878 0.026100 0.008522 0.000010 0.008642 0.059700 0.842527
0.002870 0.018023 0.010287 0.011812 0.028939 0.000010 0.016855 0.130974 0.780231
0.000010 0.034762 0.000010 0.068279 0.000010 0.000010 0.000010 0.124134 0.772775
0.000010 0.034456 0.000010 0.000010 0.039449 0.000010 0.000010 0.145297 0.780748
0.002365 0.000010 0.000010 0.000010 0.046076 0.000010 0.034824 0.122468 0.794227
0.000010 0.039793 0.000010 0.041953 0.000010 0.000010 0.039095 0.136979 0.742140
0.000010 0.059550 0.000010 0.000010 0.000010 0.000010 0.011325 0.143022 0.786053
0.000010 0.022650 0.000957 0.000010 0.056117 0.000010 0.000010 0.128137 0.792099
0.000010 0.083729 0.006868 0.000010 0.000010 0.000010 0.002456 0.120027 0.786879
0.000010 0.040672 0.000010 0.000010 0.000010 0.000010 0.000010 0.198381 0.760887
0.000010 0.052833 0.000010 0.029979 0.005671 0.000010 0.000010 0.157467 0.754011
0.000010 0.002706 0.035212 0.010728 0.047001 0.000010 0.010617 0.147016 0.746702
0.000010 0.026369 0.001950 0.060263 0.000010 0.014725 0.010217 0.184589 0.701868
0.007346 0.076505 0.000010 0.025407 0.000010 0.002984 0.001700 0.056762 0.829277
0.008147 0.000010 0.038826 0.000010 0.032934 0.000010 0.000010 0.000010 0.920043
0.000010 0.000010 0.039486 0.026978 0.017092 0.001701 0.010110 0.261165 0.643448
0.000010 0.024945 0.000010 0.031424 0.054764 0.000010 0.026469 0.086808 0.775560
0.000010 0.000010 0.019914 0.000010 0.013500 0.000010 0.050871 0.201393 0.714282
0.001880 0.046778 0.039295 0.051566 0.000010 0.000010 0.000010 0.048521 0.811930
0.000010 0.000010 0.054188 0.000010 0.000010 0.000010 0.005277 0.221956 0.718529
0.000010 0.000010 0.030866 0.011601 0.077829 0.001778 0.023407 0.000010 0.854489
0.000010 0.000010 0.037017 0.027232 0.051013 0.000010 0.000010 0.083809 0.800888
0.000010 0.077629 0.000010 0.026183 0.000010 0.000010 0.026335 0.160688 0.709125
0.000010 0.000010 0.000010 0.010761 0.097623 0.000010 0.000010 0.103044 0.788522
0.000010 0.000010 0.012544 0.046080 0.025193 0.003241 0.000010 0.116539 0.796373
0.004711 0.041982 0.000010 0.000010 0.027692 0.000010 0.007388 0.000010 0.918186
0.000010 0.036120 0.000010 0.000010 0.000011 0.000010 0.015320 0.168941 0.779568
0.000010 0.012061 0.000010 0.015967 0.074428 0.000010 0.000010 0.080793 0.816711
0.000010 0.042899 0.000010 0.091226 0.021558 0.000010 0.000010 0.031808 0.812468
0.000010 0.000010 0.049090 0.000010 0.022665 0.000010 0.027463 0.117245 0.783498
0.000010 0.065007 0.000010 0.000010 0.000010 0.000010 0.016941 0.005340 0.912663
0.000010 0.000010 0.027184 0.091790 0.000520 0.000010 0.046342 0.063584 0.770551
0.000010 0.023399 0.016693 0.000010 0.017408 0.000010 0.032211 0.073827 0.836432
0.000010 0.042439 0.000010 0.020268 0.035741 0.001911 0.000010 0.000010 0.899601
0.000010 0.001745 0.002804 0.011583 0.056929 0.000010 0.000010 0.000010 0.926899
0.000010 0.035250 0.000010 0.013008 0.053025 0.000010 0.000010 0.147000 0.751677
0.000010 0.034836 0.009378 0.000010 0.025356 0.000010 0.012170 0.103840 0.814391
0.000010 0.000017 0.031241 0.022583 0.007352 0.000010 0.015154 0.044918 0.878715
0.000010 0.000010 0.000010 0.024261 0.058342 0.000010 0.004387 0.094685 0.818285
0.000010 0.066921 0.024402 0.000010 0.000010 0.012256 0.010266 0.104956 0.781169
0.000010 0.000010 0.000010 0.046631 0.031832 0.000010 0.017822 0.126055 0.777621
0.000010 0.000010 0.000010 0.000010 0.049875 0.000010 0.000010 0.234618 0.715446
0.000010 0.036429 0.000010 0.013173 0.000010 0.000010 0.000010 0.129249 0.821099
0.000010 0.000010 0.000012 0.003088 0.072571 0.000010 0.046870 0.023260 0.854169
0.000010 0.090977 0.000010 0.000010 0.000010 0.000010 0.000010 0.028696 0.880268
0.000010 0.055572 0.000010 0.019521 0.000010 0.000010 0.005834 0.057938 0.861096
0.000010 0.481761 0.452012 0.000010 0.043888 0.000010 0.017909 0.000010 0.004391
0.000010 0.514797 0.401963 0.000506 0.050072 0.000010 0.032623 0.000010 0.000010
0.000010 0.563200 0.433095 0.003645 0.000010 0.000010 0.000010 0.000010 0.000010
0.000010 0.433513 0.496570 0.000010 0.069857 0.000010 0.000010 0.000010 0.000010
0.000010 0.500966 0.368553 0.015937 0.112333 0.000010 0.000010 0.000010 0.002171
0.000010 0.533229 0.393828 0.000010 0.072883 0.000010 0.000010 0.000010 0.000010
0.000010 0.534772 0.434854 0.030293 0.000010 0.000010 0.000031 0.000010 0.000010
0.000010 0.521213 0.363812 0.018752 0.092453 0.000010 0.003730 0.000010 0.000010
0.000010 0.497692 0.428040 0.000010 0.059991 0.000010 0.006651 0.007585 0.000010
0.000010 0.550222 0.408520 0.000010 0.036761 0.000010 0.004360 0.000096 0.000010
0.000010 0.594673 0.358192 0.000010 0.000010 0.000010 0.047074 0.000010 0.000010
0.000010 0.522829 0.394854 0.000010 0.064603 0.000010 0.017664 0.000010 0.000010
0.000010 0.563740 0.400380 0.000010 0.027832 0.000010 0.007998 0.000010 0.000010
0.000010 0.574756 0.357622 0.008025 0.058661 0.000010 0.000010 0.000896 0.000010
0.000010 0.514669 0.366865 0.000010 0.117698 0.000010 0.000010 0.000010 0.000718
0.000010 0.530584 0.373190 0.012782 0.071570 0.002457 0.009386 0.000010 0.000010
0.000010 0.497945 0.430246 0.000010 0.061074 0.000010 0.005325 0.000010 0.005370
0.000010 0.500854 0.412173 0.000010 0.086913 0.000010 0.000010 0.000010 0.000010
0.000010 0.519990 0.396996 0.000010 0.074655 0.000010 0.008309 0.000010 0.000010
0.000010 0.521447 0.393335 0.004304 0.054764 0.000010 0.026109 0.000010 0.000010
0.000010 0.503617 0.385469 0.005690 0.105174 0.000010 0.000010 0.000010 0.000010
0.000010 0.578447 0.377758 0.000010 0.039993 0.000010 0.003751 0.000010 0.000010
0.000010 0.522228 0.402385 0.019436 0.038811 0.000010 0.014716 0.000010 0.002393
0.000010 0.560187 0.409913 0.029840 0.000010 0.000010 0.000010 0.000010 0.000010
0.000010 0.579440 0.381034 0.000958 0.031873 0.000010 0.000752 0.000010 0.005912
0.000010 0.538731 0.436681 0.000010 0.016417 0.000010 0.000010 0.008121 0.000010
0.000010 0.563783 0.397353 0.000010 0.038804 0.000010 0.000010 0.000010 0.000010
0.000010 0.588624 0.367329 0.000010 0.029189 0.000010 0.014808 0.000010 0.000010
0.000010 0.546415 0.406955 0.000010 0.024877 0.000010 0.021703 0.000010 0.000010
0.000010 0.611396 0.373491 0.003160 0.009546 0.000010 0.002368 0.000010 0.000010
0.000010 0.557852 0.385947 0.000010 0.048416 0.000010 0.000010 0.000010 0.007735
0.000010 0.607171 0.373387 0.000010 0.019382 0.000010 0.000010 0.000010 0.000010
0.000010 0.551167 0.384538 0.009374 0.051694 0.000010 0.000010 0.000010 0.003186
0.000010 0.595730 0.294949 0.000010 0.083238 0.000010 0.000010 0.026033 0.000010
0.000010 0.533245 0.458241 0.000010 0.000010 0.004312 0.000010 0.004152 0.000010
0.000010 0.557703 0.372208 0.000010 0.062449 0.000010 0.007590 0.000010 0.000010
0.000010 0.578121 0.413275 0.000010 0.000010 0.000010 0.000010 0.008545 0.000010
0.000010 0.497860 0.454996 0.000010 0.045898 0.000010 0.001195 0.000010 0.000010
0.000010 0.531102 0.452934 0.000010 0.000010 0.000010 0.009502 0.006411 0.000010
0.000010 0.569995 0.311465 0.000010 0.111379 0.000010 0.001684 0.005437 0.000010
0.000010 0.559829 0.409160 0.000010 0.021050 0.000010 0.008932 0.000990 0.000010
0.000010 0.469406 0.459472 0.024297 0.016819 0.000010 0.029966 0.000010 0.000010
0.095764 0.034336 0.000010 0.000010 0.006657 0.000010 0.155165 0.612377 0.095671
0.055727 0.027548 0.000010 0.033251 0.004623 0.122022 0.170952 0.528185 0.057682
0.049690 0.039777 0.000010 0.052381 0.000010 0.028701 0.112693 0.550368 0.166370
0.000010 0.474623 0.385696 0.000010 0.128072 0.000010 0.011559 0.000010 0.000010
0.000010 0.549653 0.404795 0.000010 0.026995 0.000010 0.018507 0.000010 0.000010
0.000010 0.618678 0.256181 0.000010 0.102582 0.000010 0.010978 0.000010 0.011540
0.000010 0.511765 0.377252 0.001495 0.108772 0.000010 0.000676 0.000010 0.000010
0.000010 0.644594 0.316292 0.000010 0.039054 0.000010 0.000010 0.000010 0.000010
0.000010 0.552089 0.374268 0.000010 0.053014 0.000010 0.020579 0.000010 0.000010
0.007056 0.596754 0.372859 0.000010 0.014389 0.000010 0.008901 0.000010 0.000010
0.000010 0.545461 0.359406 0.000010 0.085635 0.000010 0.000010 0.000010 0.009448
0.000010 0.428347 0.524039 0.000010 0.047554 0.000010 0.000010 0.000010 0.000010
0.000010 0.593939 0.401854 0.000010 0.004147 0.000010 0.000010 0.000010 0.000010
0.000010 0.572013 0.341323 0.002683 0.056722 0.000010 0.027219 0.000010 0.000010
0.000010 0.496189 0.425703 0.006666 0.071392 0.000010 0.000010 0.000010 0.000010
0.000010 0.696594 0.196472 0.039108 0.037667 0.000010 0.026261 0.000010 0.003868
0.000010 0.582405 0.384852 0.000010 0.014647 0.000010 0.005338 0.000010 0.012718
0.000010 0.546984 0.362219 0.000010 0.090737 0.000010 0.000010 0.000010 0.000010
0.000010 0.567818 0.424587 0.007072 0.000010 0.000010 0.000473 0.000010 0.000010
0.000010 0.540656 0.403449 0.000010 0.055835 0.000010 0.000010 0.000010 0.000010
0.000010 0.603150 0.292186 0.000010 0.094718 0.000010 0.000010 0.000010 0.009897
0.000010 0.664763 0.333187 0.001990 0.000010 0.000010 0.000010 0.000010 0.000010
0.007742 0.494548 0.425313 0.000010 0.072348 0.000010 0.000010 0.000010 0.000010
0.000010 0.563156 0.372557 0.000010 0.052434 0.000010 0.006265 0.005548 0.000010
0.000010 0.591044 0.367618 0.000010 0.019239 0.000010 0.022048 0.000010 0.000010
0.000010 0.555175 0.435670 0.000010 0.000010 0.000010 0.009095 0.000010 0.000010
0.000010 0.536869 0.411990 0.000010 0.048413 0.000010 0.000010 0.002679 0.000010
0.000010 0.532749 0.420926 0.000010 0.028054 0.000010 0.005895 0.012335 0.000010
0.000010 0.583989 0.377502 0.000010 0.038450 0.000010 0.000010 0.000010 0.000010
0.001810 0.590019 0.387191 0.000010 0.005284 0.000010 0.015655 0.000010 0.000010
0.000010 0.603127 0.372164 0.011814 0.012845 0.000010 0.000010 0.000010 0.000010
0.000010 0.529678 0.426899 0.018836 0.022265 0.000010 0.002282 0.000010 0.000010
0.000010 0.592818 0.390154 0.000010 0.014729 0.002249 0.000010 0.000010 0.000010
0.000010 0.539978 0.420357 0.000010 0.007976 0.000010 0.000418 0.000010 0.031232
0.000010 0.513412 0.375603 0.000010 0.110925 0.000010 0.000010 0.000010 0.000010
0.000010 0.556759 0.400022 0.000010 0.043159 0.000010 0.000010 0.000010 0.000010
0.000010 0.547032 0.375065 0.000010 0.064566 0.000010 0.012107 0.001190 0.000010
0.000010 0.517728 0.482202 0.000010 0.000010 0.000010 0.000010 0.000010 0.000010
0.073281 0.026957 0.000010 0.019101 0.029708 0.069077 0.129513 0.508206 0.144148
0.171081 0.026893 0.000010 0.052689 0.000010 0.027869 0.125044 0.487705 0.108698
0.082287 0.034046 0.000010 0.000010 0.008668 0.000010 0.092308 0.643410 0.139251
0.085754 0.008988 0.000010 0.045055 0.040564 0.000010 0.167157 0.522924 0.129538
0.000010 0.388582 0.484797 0.000010 0.117711 0.000010 0.000010 0.008860 0.000010
0.000010 0.445047 0.490254 0.000010 0.035200 0.000010 0.029449 0.000010 0.000010
0.000010 0.530194 0.454060 0.000010 0.004816 0.000010 0.000010 0.000010 0.010880
0.000010 0.447559 0.519950 0.000010 0.032431 0.000010 0.000010 0.000010 0.000010
0.000010 0.492595 0.438209 0.001463 0.062943 0.000010 0.000010 0.000010 0.004749
0.000010 0.403664 0.538488 0.022316 0.020157 0.000010 0.000010 0.000010 0.015335
0.000010 0.519731 0.461599 0.007058 0.002668 0.000010 0.000010 0.000010 0.008904
0.000010 0.481301 0.454212 0.000010 0.047191 0.000010 0.013199 0.000010 0.004057
0.000010 0.521386 0.439928 0.000010 0.037746 0.000010 0.000891 0.000010 0.000010
0.000010 0.450277 0.518828 0.000010 0.030835 0.000010 0.000010 0.000010 0.000010
0.000206 0.413248 0.486616 0.000010 0.071716 0.000010 0.028173 0.000010 0.000010
0.000010 0.431261 0.516015 0.000010 0.052663 0.000010 0.000010 0.000010 0.000010
0.000010 0.538617 0.417232 0.000010 0.030733 0.005338 0.000010 0.000010 0.008040
0.000010 0.388094 0.536620 0.000010 0.075225 0.000010 0.000010 0.000010 0.000010
0.000010 0.520197 0.446496 0.000010 0.033247 0.000010 0.000010 0.000010 0.000010
0.000010 0.463690 0.520191 0.016059 0.000010 0.000010 0.000010 0.000010 0.000010
0.000010 0.385328 0.517601 0.000010 0.083700 0.000010 0.013321 0.000010 0.000010
0.000010 0.480788 0.481203 0.000010 0.036502 0.000010 0.000010 0.001457 0.000010
0.000010 0.488966 0.481976 0.018844 0.000010 0.000010 0.004254 0.000010 0.005919
0.000010 0.493782 0.422675 0.000010 0.058463 0.000010 0.024596 0.000443 0.000010
0.000010 0.475654 0.459571 0.000010 0.021185 0.015104 0.028445 0.000010 0.000010
0.000010 0.465702 0.488536 0.000010 0.042365 0.003347 0.000010 0.000010 0.000010
0.000010 0.434345 0.529666 0.000010 0.000010 0.000010 0.006083 0.029857 0.000010
0.000010 0.432520 0.518038 0.000010 0.045863 0.000010 0.002108 0.001431 0.000010
0.000010 0.467529 0.455018 0.000010 0.065448 0.000010 0.000010 0.000010 0.011955
0.000010 0.448114 0.476223 0.000866 0.059268 0.003259 0.009891 0.000010 0.002358
0.000010 0.420276 0.522703 0.000787 0.048901 0.000010 0.007294 0.000010 0.000010
0.000010 0.519188 0.422780 0.015171 0.042811 0.000010 0.000010 0.000010 0.000010
0.026924 0.026336 0.000010 0.025072 0.055946 0.000010 0.063182 0.617685 0.184835
0.037875 0.025231 0.051954 0.033919 0.000010 0.000010 0.142137 0.590947 0.117917
0.039817 0.000010 0.044793 0.000010 0.014699 0.077817 0.206529 0.482527 0.133797
0.023539 0.000010 0.033893 0.000010 0.032800 0.011691 0.131625 0.590795 0.175638
0.025257 0.007428 0.074133 0.000010 0.000010 0.050402 0.078795 0.614499 0.149466
0.000010 0.006660 0.000011 0.000010 0.036534 0.019577 0.086686 0.568877 0.281635
0.098490 0.005545 0.057097 0.000048 0.017651 0.000010 0.117454 0.566647 0.137059
0.059295 0.000010 0.000010 0.020770 0.000010 0.024244 0.084622 0.644834 0.166205
0.000010 0.020646 0.036774 0.000010 0.000010 0.066667 0.206261 0.580232 0.089389
0.000010 0.225059 0.726301 0.000010 0.048579 0.000010 0.000010 0.000010 0.000010
0.000010 0.255074 0.730476 0.000010 0.014390 0.000010 0.000010 0.000010 0.000010
0.004577 0.132566 0.745635 0.000010 0.110951 0.000010 0.000010 0.006231 0.000010
0.000010 0.209915 0.754759 0.000010 0.011178 0.000010 0.010641 0.000010 0.013467
0.003320 0.254447 0.645479 0.000010 0.074645 0.000010 0.014739 0.007340 0.000010
0.000010 0.220973 0.724693 0.000010 0.054274 0.000010 0.000010 0.000010 0.000010
0.000010 0.203230 0.759295 0.000010 0.023915 0.003143 0.010377 0.000010 0.000010
0.006113 0.255868 0.703393 0.000010 0.034181 0.000010 0.000404 0.000010 0.000010
0.000010 0.312379 0.635402 0.002631 0.014397 0.000010 0.035152 0.000010 0.000010
0.000010 0.244058 0.712056 0.004206 0.023597 0.000010 0.000010 0.016043 0.000010
0.000010 0.270175 0.684356 0.000010 0.042058 0.000010 0.000010 0.003360 0.000010
0.000010 0.205786 0.757807 0.000010 0.003293 0.000010 0.033064 0.000010 0.000010
0.000010 0.127653 0.782615 0.000010 0.089672 0.000010 0.000010 0.000010 0.000010
0.000010 0.295552 0.702533 0.000010 0.000010 0.000010 0.001856 0.000010 0.000010
0.000010 0.232003 0.722499 0.000010 0.040393 0.000010 0.005055 0.000010 0.000010
0.016819 0.000010 0.002160 0.023911 0.030965 0.069081 0.106369 0.564174 0.186510
0.073361 0.022855 0.012808 0.015939 0.017002 0.027887 0.130721 0.557830 0.141596
0.132198 0.001707 0.008539 0.000010 0.050473 0.098880 0.131461 0.466248 0.110485
0.202202 0.000010 0.045139 0.028667 0.000010 0.000010 0.195480 0.484755 0.043727
0.035629 0.000010 0.027233 0.019008 0.009643 0.210708 0.168705 0.385763 0.143300
0.034756 0.009357 0.005518 0.040279 0.035733 0.021398 0.136537 0.614206 0.102216
0.105699 0.010454 0.000010 0.040010 0.026337 0.017008 0.110146 0.551293 0.139042
0.107998 0.017204 0.027959 0.004380 0.000010 0.003193 0.131103 0.589911 0.118242
0.063570 0.011183 0.000010 0.000010 0.062465 0.000010 0.095261 0.534760 0.232730
0.057584 0.000010 0.000010 0.044633 0.039270 0.010484 0.123637 0.593393 0.130979
0.245848 0.000010 0.009500 0.046005 0.000010 0.109834 0.155190 0.316417 0.117186
0.094246 0.059657 0.001318 0.000010 0.000010 0.087485 0.084661 0.578353 0.094260
0.000010 0.011451 0.000010 0.000010 0.000010 0.092403 0.132886 0.591406 0.171814
0.043766 0.011058 0.014308 0.059961 0.005891 0.029776 0.149659 0.574810 0.110770
0.039628 0.000010 0.000010 0.000010 0.029733 0.053112 0.168935 0.640973 0.067590
0.046283 0.014042 0.000010 0.016919 0.031395 0.003235 0.171148 0.563561 0.153407
0.090450 0.028323 0.007169 0.065923 0.000010 0.003923 0.123020 0.621276 0.059907
0.091878 0.000010 0.028099 0.007076 0.016213 0.000010 0.139303 0.599022 0.118390
0.007146 0.000010 0.072371 0.055363 0.000010 0.066158 0.056168 0.651343 0.091432
0.129389 0.000010 0.029773 0.033733 0.031609 0.054285 0.169560 0.436030 0.115612
0.097925 0.046779 0.000010 0.053633 0.000010 0.083752 0.114076 0.603805 0.000010
0.000010 0.024257 0.000010 0.009624 0.015999 0.047242 0.241888 0.562794 0.098177
0.177224 0.035009 0.034374 0.053580 0.000010 0.035467 0.156659 0.479878 0.027799
0.079914 0.000010 0.023580 0.009041 0.000010 0.023354 0.160775 0.586833 0.116482
0.049512 0.012141 0.032997 0.006570 0.039153 0.069975 0.105993 0.529038 0.154622
0.000010 0.006436 0.030073 0.003098 0.000010 0.124188 0.201768 0.522248 0.112169
0.009292 0.026680 0.015612 0.030225 0.001216 0.178180 0.129554 0.419113 0.190129
0.060106 0.000010 0.028019 0.029342 0.024618 0.086569 0.149514 0.502024 0.119799
0.190739 0.000010 0.000010 0.031998 0.041639 0.085972 0.137400 0.449842 0.062390
0.000010 0.047970 0.000010 0.052039 0.000010 0.132095 0.105782 0.504327 0.157757
0.087708 0.000010 0.000010 0.046063 0.009559 0.010588 0.168911 0.560300 0.116851
0.040006 0.000010 0.028110 0.000010 0.008217 0.073530 0.157241 0.575754 0.117122
0.071144 0.024126 0.000010 0.004722 0.039022 0.016887 0.130765 0.593299 0.120026
0.032160 0.000010 0.000010 0.000010 0.047372 0.115449 0.164392 0.624018 0.016579
0.048371 0.042110 0.002360 0.048570 0.000010 0.116707 0.111237 0.445549 0.185086
0.079318 0.000010 0.037770 0.000010 0.007606 0.005926 0.128612 0.589865 0.150882
0.026312 0.000010 0.000010 0.000010 0.021234 0.058297 0.083329 0.520402 0.290396
0.086416 0.016472 0.000010 0.041352 0.000010 0.128371 0.128898 0.429320 0.169152
0.130605 0.000010 0.000019 0.045157 0.004866 0.000010 0.178478 0.471883 0.168973
0.065359 0.000010 0.057711 0.013536 0.025852 0.029089 0.131612 0.523500 0.153330
0.000010 0.005347 0.000010 0.007789 0.008663 0.051903 0.076847 0.691587 0.157845
0.000010 0.008116 0.011815 0.018772 0.015043 0.016402 0.316108 0.484645 0.129090
0.022925 0.000010 0.022486 0.082600 0.000010 0.000010 0.138526 0.610036 0.123398
0.008966 0.032441 0.000010 0.041330 0.026952 0.022777 0.285632 0.413496 0.168395
0.031099 0.000010 0.032143 0.000010 0.028365 0.040566 0.201755 0.498791 0.167262
0.131740 0.026836 0.019335 0.000010 0.041198 0.000010 0.296782 0.382577 0.101512
0.000010 0.000010 0.023101 0.014855 0.075706 0.090805 0.221052 0.453446 0.121016
0.060964 0.000010 0.000010 0.003604 0.050955 0.000010 0.231099 0.510385 0.142964
0.067225 0.000010 0.003457 0.000010 0.071244 0.000010 0.232464 0.587337 0.038243
0.000010 0.000010 0.009790 0.000010 0.029243 0.017798 0.171660 0.574463 0.197016
0.082554 0.035265 0.001641 0.000010 0.013947 0.032772 0.198268 0.504767 0.130777
0.106342 0.009653 0.002695 0.000010 0.002035 0.000010 0.271692 0.423068 0.184496
0.016267 0.038940 0.000010 0.023852 0.033079 0.000010 0.310271 0.454710 0.122860
0.075063 0.000010 0.022851 0.030852 0.033060 0.084736 0.263092 0.408474 0.081861
0.029122 0.000010 0.000010 0.026650 0.055274 0.008592 0.277786 0.494181 0.108375
0.103252 0.000010 0.050513 0.024310 0.000010 0.062436 0.350895 0.345744 0.062830
0.036880 0.021013 0.028180 0.003435 0.000010 0.018867 0.273251 0.525068 0.093296
0.015136 0.018779 0.036282 0.061046 0.000010 0.087014 0.412712 0.297527 0.071495
0.155747 0.026102 0.002628 0.059076 0.000010 0.000010 0.152307 0.479172 0.124949
0.021502 0.026204 0.004337 0.022564 0.029737 0.056649 0.144835 0.606320 0.087852
0.057019 0.003481 0.000010 0.059830 0.000010 0.036931 0.121169 0.543174 0.178375
0.129126 0.008425 0.000010 0.014066 0.000010 0.102432 0.168751 0.398566 0.178613
0.000010 0.044725 0.000010 0.052066 0.000010 0.022328 0.068647 0.666599 0.145605
0.133703 0.025320 0.000010 0.000010 0.022176 0.000010 0.138797 0.587619 0.092355
0.061531 0.035881 0.000010 0.023276 0.017910 0.140955 0.113046 0.500764 0.106627
0.083787 0.014594 0.000010 0.043708 0.027778 0.011164 0.047058 0.654713 0.117188
0.047343 0.033801 0.058897 0.033342 0.007375 0.011126 0.104123 0.550499 0.153492
0.079151 0.003670 0.051274 0.055002 0.026879 0.000010 0.144205 0.465759 0.174050
0.079930 0.040420 0.045082 0.004348 0.000010 0.003999 0.159910 0.483924 0.182376
0.120476 0.005058 0.019436 0.000010 0.047691 0.018339 0.132543 0.529091 0.127356
0.067273 0.054505 0.000010 0.000010 0.000010 0.064453 0.163559 0.609665 0.040516
0.141012 0.009329 0.000010 0.002923 0.052485 0.066826 0.237711 0.433936 0.055768
0.106757 0.006745 0.012614 0.047971 0.046021 0.092310 0.182800 0.418460 0.086322
0.106144 0.004355 0.035177 0.004550 0.013154 0.065150 0.198675 0.439206 0.133589
0.025188 0.046673 0.008221 0.026193 0.000010 0.071171 0.212741 0.480522 0.129282
0.048239 0.037644 0.000010 0.000010 0.000010 0.000010 0.150460 0.595764 0.167853
0.201665 0.027638 0.000010 0.000010 0.000010 0.000288 0.175009 0.481003 0.114367
0.059499 0.030960 0.000010 0.000010 0.003253 0.011215 0.120288 0.696110 0.078655
0.022043 0.036948 0.010156 0.000010 0.000010 0.093846 0.129173 0.527132 0.180681
0.115587 0.000010 0.037890 0.018339 0.000010 0.000010 0.127932 0.514525 0.185696
0.101423 0.010133 0.024036 0.026819 0.015484 0.073742 0.171939 0.371972 0.204451
0.125146 0.003758 0.031156 0.055299 0.000010 0.000010 0.100087 0.576594 0.107940
0.000010 0.000010 0.000010 0.007604 0.027568 0.097971 0.302346 0.440814 0.123667
0.000010 0.009828 0.053858 0.021798 0.001462 0.028646 0.249767 0.445841 0.188790
0.044163 0.014660 0.014482 0.000010 0.009462 0.026287 0.265137 0.547582 0.078218
0.061300 0.012369 0.014941 0.000010 0.096661 0.099976 0.284895 0.389721 0.040128
0.000010 0.040886 0.000010 0.000010 0.029510 0.000010 0.149872 0.624522 0.155171
0.006763 0.000010 0.034388 0.002013 0.056568 0.000010 0.279599 0.515130 0.105518
0.000010 0.003643 0.015829 0.002307 0.042806 0.032059 0.101647 0.615295 0.186405
0.000010 0.000010 0.000010 0.016673 0.039470 0.109864 0.301741 0.460896 0.071326
0.031232 0.000010 0.033674 0.000010 0.037029 0.050146 0.261531 0.513808 0.072559
0.000010 0.005163 0.032865 0.008728 0.000010 0.067122 0.280684 0.480861 0.124557
0.067838 0.000010 0.000010 0.039298 0.061974 0.137113 0.278372 0.373685 0.041700
0.026103 0.000010 0.000010 0.009108 0.089209 0.000010 0.319356 0.493923 0.062271
0.009132 0.000010 0.008962 0.013792 0.028526 0.000010 0.288552 0.588910 0.062105
0.033433 0.054517 0.000010 0.000012 0.000010 0.000010 0.265461 0.534234 0.112314
0.016199 0.054349 0.001659 0.055952 0.000010 0.065322 0.224790 0.519143 0.062575
0.151867 0.023973 0.000010 0.000010 0.002680 0.095475 0.133041 0.514431 0.078512
0.085885 0.000010 0.012649 0.015644 0.052357 0.007294 0.199681 0.573219 0.053260
0.044064 0.036822 0.002992 0.049078 0.009637 0.073634 0.165241 0.529624 0.088908
0.055637 0.000010 0.048527 0.011190 0.024140 0.112886 0.172767 0.482227 0.092615
0.099729 0.003724 0.000010 0.030179 0.042490 0.147464 0.133024 0.499248 0.044132
0.111448 0.024574 0.000010 0.000010 0.000010 0.000010 0.094576 0.541546 0.227816
0.106899 0.021316 0.000010 0.046646 0.000010 0.022620 0.139120 0.555803 0.107577
0.100185 0.005102 0.000010 0.000010 0.081341 0.022764 0.141989 0.611712 0.036887
0.108836 0.054191 0.000010 0.000010 0.000010 0.026059 0.099587 0.588301 0.122996
0.054868 0.025277 0.021001 0.000010 0.009777 0.042174 0.172611 0.617299 0.056984
0.000010 0.017658 0.001179 0.015806 0.003320 0.004688 0.000010 0.570111 0.387219
0.000010 0.056706 0.000010 0.000010 0.000010 0.022743 0.571198 0.303836 0.045477
0.203661 0.016443 0.012072 0.003372 0.019659 0.157422 0.212310 0.327372 0.047689
0.000010 0.000010 0.000010 0.029159 0.091243 0.030482 0.370991 0.382533 0.095563
0.060840 0.000010 0.000010 0.024087 0.051196 0.000010 0.218184 0.456692 0.188971
0.008421 0.032073 0.000010 0.000010 0.019559 0.038577 0.413768 0.477977 0.009605
0.011687 0.011168 0.024807 0.052103 0.000010 0.046490 0.405743 0.396509 0.051482
0.000010 0.000010 0.059697 0.000010 0.031000 0.042482 0.254377 0.499234 0.113181
0.000010 0.000010 0.000010 0.036611 0.050516 0.029295 0.202849 0.579693 0.101006
0.000010 0.000010 0.030344 0.013922 0.000010 0.020837 0.171814 0.564318 0.198735
0.000483 0.034170 0.000010 0.001993 0.000010 0.070427 0.303459 0.503896 0.085552
0.008965 0.005368 0.054319 0.000010 0.020561 0.000010 0.246798 0.533061 0.130908
0.047706 0.022052 0.000010 0.042394 0.017860 0.001648 0.257934 0.444870 0.165525
0.000010 0.027183 0.000010 0.034310 0.003627 0.058665 0.235869 0.524295 0.116031
0.062350 0.059000 0.038875 0.000010 0.023845 0.066019 0.178140 0.548986 0.022775
0.090747 0.000010 0.018108 0.000010 0.023505 0.078693 0.313276 0.414325 0.061327
0.000010 0.000010 0.000010 0.031019 0.070989 0.123600 0.245612 0.435602 0.093149
0.129750 0.034252 0.015937 0.000010 0.026801 0.002175 0.259434 0.454311 0.077330
0.070572 0.000010 0.046728 0.025886 0.000010 0.079717 0.504201 0.234281 0.038595
0.000010 0.004517 0.022012 0.009429 0.000010 0.058584 0.333203 0.472090 0.100145
0.000010 0.017387 0.000010 0.025475 0.019345 0.000010 0.274705 0.558374 0.104684
0.008312 0.000010 0.000010 0.019107 0.027734 0.110275 0.311822 0.414279 0.108452
0.000010 0.062951 0.000010 0.019495 0.000010 0.094577 0.274203 0.458902 0.089841
0.000010 0.000010 0.016795 0.036462 0.056655 0.047361 0.374055 0.433864 0.034789
0.061662 0.006574 0.000010 0.000010 0.010632 0.000010 0.272238 0.457602 0.191261
0.052424 0.027924 0.000010 0.033354 0.000010 0.005206 0.239020 0.583363 0.058689
0.026545 0.000010 0.000010 0.002052 0.105167 0.046058 0.105273 0.561854 0.153031
0.042644 0.000010 0.058363 0.000010 0.000010 0.227932 0.284187 0.287815 0.099029
0.053478 0.007736 0.011140 0.040145 0.000010 0.095201 0.173497 0.485847 0.132947
0.029398 0.011692 0.041880 0.003214 0.000010 0.182024 0.135895 0.505369 0.090518
0.000010 0.016127 0.016990 0.000010 0.011431 0.061898 0.115853 0.614654 0.163026
0.142513 0.034197 0.000010 0.000010 0.000957 0.034464 0.201687 0.445163 0.140999
0.100211 0.000010 0.000010 0.000010 0.063325 0.090152 0.163037 0.419820 0.163424
0.111954 0.015221 0.000010 0.065892 0.041268 0.038017 0.182998 0.448149 0.096491
0.046949 0.000010 0.052493 0.000010 0.000010 0.123566 0.166783 0.489364 0.120816
0.012229 0.024138 0.000010 0.016393 0.034719 0.088724 0.126070 0.641084 0.056632
0.063501 0.005208 0.000010 0.023571 0.016819 0.019387 0.216920 0.494516 0.160067
0.061350 0.000010 0.006160 0.027768 0.031622 0.061954 0.178443 0.468043 0.164650
0.043145 0.058746 0.002746 0.030804 0.000010 0.099898 0.197510 0.417437 0.149705
0.042888 0.000010 0.000010 0.030782 0.014255 0.069138 0.274041 0.451921 0.116955
0.031979 0.004765 0.068471 0.000010 0.000010 0.000010 0.227923 0.592352 0.074480
0.000010 0.000010 0.016499 0.000010 0.029228 0.024348 0.523722 0.271723 0.134449
0.015499 0.000010 0.003398 0.030592 0.031531 0.000010 0.115503 0.609942 0.193516
0.142260 0.000010 0.050393 0.000010 0.000010 0.039856 0.225417 0.291203 0.250840
0.000010 0.003525 0.052134 0.000010 0.007498 0.018102 0.387958 0.454159 0.076603
0.009190 0.022565 0.001627 0.030449 0.010754 0.000010 0.546033 0.360796 0.018576
0.052429 0.010352 0.017999 0.004872 0.010967 0.048010 0.286589 0.385948 0.182835
0.018901 0.038017 0.000010 0.000010 0.064447 0.043826 0.244418 0.544204 0.046166
0.024005 0.000010 0.000010 0.000010 0.108814 0.000010 0.355544 0.396977 0.114621
0.026218 0.000010 0.000010 0.000010 0.051503 0.041856 0.367482 0.373566 0.139345
0.008805 0.029683 0.000010 0.069911 0.003354 0.016341 0.384173 0.385353 0.102370
0.020516 0.022862 0.000348 0.003542 0.000010 0.146471 0.415062 0.333590 0.057600
0.249827 0.000010 0.000010 0.000010 0.053391 0.030722 0.291612 0.259738 0.114680
0.094290 0.000010 0.000010 0.000010 0.027994 0.141778 0.301558 0.394911 0.039440
0.000010 0.000010 0.000298 0.021151 0.045199 0.044309 0.208717 0.570539 0.109768
0.002467 0.007819 0.000010 0.038146 0.021571 0.022469 0.186061 0.498629 0.222827
0.000010 0.049768 0.000010 0.000956 0.000010 0.004271 0.145041 0.613634 0.186300
0.037207 0.005117 0.003484 0.009427 0.024821 0.000010 0.128728 0.609677 0.181530
0.191032 0.000010 0.030946 0.037911 0.000010 0.158666 0.255642 0.263052 0.062730
0.049574 0.000672 0.000010 0.000010 0.062962 0.000010 0.348772 0.520317 0.017673
0.018170 0.000010 0.000010 0.060562 0.000010 0.125221 0.146801 0.434527 0.214689
0.031928 0.000010 0.014746 0.003052 0.038391 0.004316 0.136861 0.625398 0.145299
0.000010 0.000010 0.000010 0.014871 0.089451 0.000010 0.145701 0.537483 0.212454
0.000010 0.000010 0.029405 0.010623 0.012759 0.046871 0.221929 0.623464 0.054929
0.000010 0.057747 0.000010 0.010132 0.000010 0.115091 0.403328 0.333236 0.080436
0.097040 0.035049 0.000010 0.000010 0.060925 0.020399 0.346534 0.348073 0.091960
