0.000010 0.000010 0.000010 0.000010 0.623518 0.000010 0.000010 0.376412 0.000010
0.000010 0.000010 0.000011 0.000010 0.648096 0.000010 0.000010 0.351833 0.000010
0.000010 0.000010 0.000010 0.000010 0.610190 0.000010 0.000010 0.387352 0.002398
0.000010 0.000010 0.000010 0.000010 0.676642 0.000010 0.000010 0.323288 0.000010
0.000010 0.000010 0.000010 0.000010 0.634461 0.000010 0.000010 0.365469 0.000010
0.000010 0.000010 0.000010 0.000010 0.589708 0.000010 0.000010 0.410222 0.000010
0.000010 0.000010 0.000010 0.000010 0.669235 0.000010 0.000010 0.330695 0.000010
0.000010 0.000010 0.000010 0.000010 0.651821 0.000010 0.000010 0.346404 0.001715
0.000010 0.000010 0.000292 0.000010 0.622134 0.000010 0.000010 0.377514 0.000010
0.000010 0.000010 0.000010 0.000010 0.607089 0.000010 0.000010 0.392841 0.000010
0.000010 0.000010 0.000010 0.000010 0.607832 0.000010 0.000010 0.392098 0.000010
0.000010 0.000010 0.000010 0.000010 0.675588 0.000010 0.000010 0.324342 0.000010
0.000010 0.000010 0.000010 0.000010 0.624783 0.000010 0.000010 0.375147 0.000010
0.000010 0.000010 0.000010 0.000010 0.620178 0.000010 0.000010 0.379752 0.000010
0.000010 0.000010 0.000010 0.000010 0.594044 0.000010 0.000010 0.405886 0.000010
0.000010 0.000010 0.000010 0.000010 0.618823 0.000010 0.000010 0.381107 0.000010
0.000010 0.000010 0.000010 0.000010 0.616706 0.000010 0.000010 0.383224 0.000010
0.000010 0.000010 0.000010 0.000010 0.618310 0.000010 0.000010 0.381620 0.000010
0.000010 0.000010 0.000010 0.000010 0.628095 0.000010 0.000010 0.371835 0.000010
0.000010 0.000010 0.000010 0.000010 0.607573 0.000010 0.000010 0.392357 0.000010
0.000010 0.000010 0.000010 0.000010 0.632554 0.000010 0.000010 0.367376 0.000010
0.000010 0.000010 0.000010 0.000010 0.642417 0.000010 0.000010 0.357513 0.000010
0.000010 0.000010 0.000010 0.000010 0.621618 0.000010 0.000010 0.378312 0.000010
0.000010 0.000010 0.000010 0.000010 0.600880 0.000010 0.000010 0.399050 0.000010
0.000010 0.000010 0.000010 0.000010 0.626692 0.000010 0.000010 0.373238 0.000010
0.000010 0.000010 0.000010 0.000010 0.622382 0.000010 0.000010 0.377548 0.000010
0.000010 0.000010 0.000010 0.000010 0.585204 0.000010 0.000010 0.414726 0.000010
0.000010 0.000010 0.000010 0.000010 0.665789 0.000010 0.000010 0.334141 0.000010
0.000010 0.000010 0.000010 0.000010 0.673318 0.000010 0.000010 0.326612 0.000010
0.000010 0.000010 0.000010 0.000010 0.659999 0.000010 0.000010 0.339931 0.000010
0.000010 0.000010 0.003422 0.000010 0.639159 0.000010 0.000010 0.357359 0.000010
0.000010 0.000010 0.000010 0.000010 0.689706 0.000010 0.000010 0.310224 0.000010
0.000010 0.000010 0.010599 0.000010 0.650728 0.000010 0.000018 0.338605 0.000010
0.000010 0.000010 0.000010 0.000010 0.674987 0.000010 0.000010 0.324943 0.000010
0.000010 0.000010 0.000010 0.000010 0.672115 0.000010 0.000010 0.327815 0.000010
0.000010 0.000010 0.000010 0.000010 0.600164 0.000010 0.000010 0.399766 0.000010
0.000010 0.000010 0.000010 0.000010 0.651843 0.000010 0.000010 0.348087 0.000010
0.000010 0.000010 0.000010 0.000010 0.656032 0.000010 0.000010 0.343898 0.000010
0.000010 0.000010 0.000010 0.000010 0.647175 0.000010 0.000010 0.352755 0.000010
0.000010 0.000010 0.000010 0.000010 0.651130 0.000010 0.000010 0.348800 0.000010
0.000010 0.000010 0.000010 0.000010 0.619795 0.000010 0.000010 0.380135 0.000010
0.000010 0.000010 0.000010 0.000010 0.669138 0.000010 0.000010 0.330792 0.000010
0.000010 0.000010 0.000010 0.000010 0.652300 0.000010 0.000010 0.347630 0.000010
0.000010 0.000010 0.000353 0.000010 0.679061 0.000010 0.000010 0.320525 0.000010
0.000010 0.000010 0.000010 0.000010 0.682001 0.000010 0.000010 0.317929 0.000010
0.000010 0.000010 0.000010 0.000010 0.674804 0.000010 0.000010 0.325126 0.000010
0.000010 0.000010 0.000010 0.000010 0.622330 0.000010 0.000010 0.377600 0.000010
0.000010 0.000010 0.000010 0.000010 0.641845 0.000010 0.000010 0.358085 0.000010
0.000010 0.000010 0.000010 0.000010 0.613113 0.000010 0.000010 0.386817 0.000010
0.000010 0.000010 0.000010 0.000010 0.661699 0.000010 0.000010 0.338231 0.000010
0.000010 0.000010 0.000010 0.000010 0.643046 0.000010 0.000010 0.356884 0.000010
0.000010 0.000010 0.000010 0.000010 0.664639 0.000010 0.000010 0.335291 0.000010
0.000010 0.000010 0.000010 0.000010 0.660121 0.000010 0.000010 0.337670 0.002148
0.000010 0.000010 0.000010 0.000010 0.658985 0.000010 0.000010 0.340945 0.000010
0.000010 0.000010 0.000010 0.000010 0.653545 0.000010 0.000010 0.346385 0.000010
0.000010 0.000010 0.000010 0.000010 0.000010 0.000010 0.030982 0.968948 0.000010
0.000010 0.001948 0.000010 0.000010 0.024835 0.000010 0.000010 0.963342 0.009824
0.000010 0.007554 0.000010 0.000010 0.188924 0.000010 0.003581 0.799890 0.000010
0.000010 0.000010 0.000010 0.000010 0.021598 0.000010 0.027924 0.950418 0.000010
0.000010 0.000010 0.000010 0.000010 0.039626 0.000010 0.021094 0.928452 0.010778
0.000010 0.000010 0.000010 0.000010 0.050068 0.000010 0.021980 0.925791 0.002111
0.000010 0.000010 0.000010 0.000010 0.059282 0.000010 0.020448 0.914463 0.005757
0.000010 0.000010 0.000010 0.000010 0.049707 0.000010 0.018702 0.931531 0.000010
0.000010 0.000010 0.012484 0.001001 0.313365 0.000010 0.030515 0.642595 0.000010
0.000010 0.000010 0.000010 0.000010 0.013548 0.000010 0.017483 0.959441 0.009478
0.000010 0.000010 0.005678 0.000010 0.000010 0.000010 0.018858 0.975404 0.000010
0.000010 0.000010 0.000010 0.000010 0.013575 0.000010 0.027271 0.954773 0.004331
0.000010 0.000010 0.000010 0.000010 0.000010 0.000010 0.010716 0.985040 0.004184
0.000010 0.000010 0.000010 0.000010 0.000010 0.000010 0.020794 0.979136 0.000010
0.000010 0.000010 0.000010 0.000010 0.086910 0.000010 0.014786 0.898244 0.000010
0.000010 0.000010 0.000010 0.000010 0.115504 0.000010 0.011844 0.864041 0.008561
0.000010 0.012193 0.000010 0.000010 0.173591 0.000010 0.004895 0.809271 0.000010
0.000010 0.000010 0.000010 0.000010 0.681402 0.000010 0.000010 0.318528 0.000010
0.000010 0.000010 0.000010 0.000010 0.690145 0.000010 0.000010 0.309785 0.000010
0.000010 0.000010 0.000010 0.000010 0.692883 0.000010 0.000010 0.307047 0.000010
0.000010 0.000010 0.000010 0.000010 0.664977 0.000010 0.000010 0.334953 0.000010
0.000010 0.000010 0.000010 0.000010 0.674976 0.000010 0.000010 0.324954 0.000010
0.000010 0.000010 0.000010 0.000010 0.697310 0.000010 0.000010 0.302620 0.000010
0.000010 0.000010 0.000010 0.000010 0.685263 0.000010 0.000010 0.314667 0.000010
0.000010 0.000010 0.000010 0.000010 0.659487 0.000010 0.000010 0.340443 0.000010
0.000010 0.000010 0.000010 0.000010 0.644615 0.000010 0.000010 0.355315 0.000010
0.000010 0.000010 0.000010 0.000010 0.656178 0.000010 0.000010 0.343752 0.000010
0.000010 0.000010 0.000010 0.000010 0.625014 0.000010 0.000010 0.373443 0.001483
0.000010 0.000010 0.000010 0.000010 0.686773 0.000010 0.000010 0.313157 0.000010
0.000010 0.000010 0.000010 0.000010 0.736926 0.000010 0.000010 0.263004 0.000010
0.000010 0.000010 0.000010 0.000010 0.669956 0.000010 0.000010 0.329974 0.000010
0.000010 0.000010 0.000010 0.000010 0.685323 0.000010 0.000010 0.314607 0.000010
0.000010 0.000010 0.000010 0.000010 0.671915 0.000010 0.000010 0.328015 0.000010
0.000010 0.000010 0.000010 0.000010 0.691319 0.000010 0.000010 0.308611 0.000010
0.000010 0.000010 0.000010 0.000010 0.632101 0.000010 0.000010 0.367829 0.000010
0.000010 0.000010 0.000010 0.000010 0.677516 0.000010 0.000010 0.322414 0.000010
0.000010 0.000010 0.000010 0.000010 0.680743 0.000010 0.000010 0.319187 0.000010
0.000010 0.000010 0.004121 0.000010 0.665175 0.000010 0.000010 0.330643 0.000010
0.000010 0.000010 0.000010 0.000010 0.678466 0.000010 0.000010 0.321464 0.000010
0.000010 0.000010 0.000010 0.000010 0.661151 0.000010 0.000010 0.338779 0.000010
0.000010 0.000010 0.000010 0.000010 0.678291 0.000010 0.000010 0.321639 0.000010
0.000010 0.000010 0.000010 0.000010 0.688091 0.000010 0.000010 0.311839 0.000010
0.000010 0.000010 0.000010 0.000010 0.654544 0.000010 0.000010 0.345386 0.000010
0.000010 0.000010 0.000010 0.000010 0.686478 0.000010 0.000010 0.313452 0.000010
0.000010 0.000010 0.000010 0.000010 0.669525 0.000010 0.000010 0.330405 0.000010
0.000010 0.000010 0.000010 0.000010 0.669547 0.000010 0.000010 0.330383 0.000010
0.000010 0.000010 0.000010 0.000010 0.661667 0.000010 0.000010 0.336857 0.001417
0.000010 0.000010 0.000010 0.000010 0.635933 0.000010 0.000010 0.363997 0.000010
0.000010 0.000010 0.005470 0.000010 0.062117 0.000010 0.018394 0.913111 0.000869
0.000010 0.000010 0.000010 0.000010 0.000010 0.000010 0.028310 0.971620 0.000010
0.000010 0.010161 0.000010 0.000010 0.122170 0.000010 0.000010 0.867592 0.000027
0.000010 0.004276 0.000010 0.000010 0.000010 0.000010 0.003039 0.987054 0.005580
0.000010 0.000010 0.000010 0.000010 0.000010 0.000010 0.033040 0.966890 0.000010
0.000010 0.001067 0.000010 0.000010 0.000010 0.000010 0.019474 0.975441 0.003968
0.000010 0.000010 0.000010 0.000010 0.145834 0.000010 0.018785 0.835321 0.000010
0.000010 0.000010 0.000010 0.000010 0.095653 0.000010 0.011094 0.891013 0.002189
0.000010 0.001740 0.011823 0.000010 0.175571 0.000010 0.006361 0.804466 0.000010
0.000010 0.000010 0.000010 0.000010 0.009277 0.000010 0.024566 0.966097 0.000010
0.000010 0.000010 0.000010 0.000010 0.224526 0.000010 0.001002 0.765953 0.008469
0.000010 0.000010 0.002469 0.000010 0.000010 0.000010 0.007584 0.982967 0.006929
0.000010 0.000010 0.000010 0.000010 0.050243 0.000010 0.015536 0.934161 0.000010
0.000010 0.016035 0.000010 0.000010 0.022457 0.000010 0.000010 0.960916 0.000542
0.000010 0.003316 0.000010 0.000010 0.030469 0.000010 0.016173 0.949992 0.000010
0.000010 0.000010 0.000160 0.000010 0.061057 0.000010 0.014451 0.924282 0.000010
0.000010 0.000010 0.000010 0.000010 0.000010 0.000010 0.018972 0.980958 0.000010
0.000010 0.000010 0.000010 0.000010 0.000010 0.000010 0.007240 0.989565 0.003136
0.000010 0.000010 0.000010 0.000010 0.000010 0.000010 0.009418 0.987591 0.002931
0.000010 0.000010 0.000010 0.000010 0.000010 0.000010 0.014789 0.985141 0.000010
0.000010 0.000010 0.020459 0.000010 0.186691 0.000010 0.008912 0.783888 0.000010
0.000010 0.001127 0.000010 0.000010 0.084666 0.000010 0.023010 0.891147 0.000010
0.000010 0.000010 0.000010 0.000010 0.047322 0.000010 0.017030 0.935588 0.000010
0.000010 0.000010 0.000010 0.000010 0.120439 0.000010 0.000010 0.875749 0.003752
0.000010 0.000010 0.000010 0.000010 0.234901 0.000010 0.006036 0.759003 0.000010
0.000010 0.000010 0.000010 0.000010 0.000010 0.000010 0.021583 0.978347 0.000010
0.000010 0.000010 0.000010 0.000010 0.069060 0.000010 0.000010 0.920768 0.010112
0.000010 0.000010 0.000010 0.000010 0.134959 0.000010 0.002755 0.862225 0.000010
0.000010 0.009707 0.006646 0.000010 0.011641 0.000010 0.003808 0.968157 0.000010
0.000010 0.000010 0.000010 0.000010 0.127570 0.000010 0.020452 0.851919 0.000010
0.000010 0.019522 0.000010 0.000010 0.045612 0.000010 0.000010 0.930283 0.004534
0.000010 0.004472 0.000010 0.000010 0.000010 0.000010 0.014579 0.980889 0.000010
0.000010 0.000010 0.000010 0.000010 0.000010 0.000010 0.011592 0.988100 0.000248
0.000010 0.000010 0.000010 0.000010 0.000010 0.000010 0.025449 0.974481 0.000010
0.000010 0.000010 0.000010 0.000010 0.000010 0.000010 0.018559 0.981371 0.000010
0.000010 0.000010 0.000010 0.000010 0.005345 0.000010 0.012978 0.981617 0.000010
0.000010 0.000010 0.000010 0.000010 0.055635 0.000010 0.006912 0.937394 0.000010
0.000010 0.000010 0.000010 0.000010 0.129435 0.000010 0.000010 0.870495 0.000010
0.000010 0.000010 0.000010 0.000010 0.128600 0.000010 0.006420 0.861518 0.003412
0.000010 0.000010 0.000010 0.000010 0.127630 0.000010 0.012410 0.856021 0.003889
0.000010 0.000010 0.000010 0.000010 0.157630 0.000010 0.020437 0.814921 0.006963
0.000010 0.007778 0.000010 0.000010 0.143428 0.000010 0.000010 0.848734 0.000010
0.000010 0.000010 0.000010 0.000010 0.078041 0.000010 0.004809 0.917090 0.000010
0.000010 0.000010 0.000010 0.000010 0.051235 0.000010 0.027648 0.921057 0.000010
0.000010 0.000010 0.000010 0.000010 0.167748 0.000010 0.002711 0.821798 0.007692
0.000010 0.000010 0.000010 0.000010 0.043151 0.000010 0.005589 0.951199 0.000010
0.000010 0.010732 0.000010 0.000010 0.119781 0.000010 0.015624 0.853813 0.000010
0.000010 0.000010 0.013868 0.000010 0.297238 0.008207 0.026135 0.654513 0.000010
0.000010 0.000010 0.000010 0.000010 0.005058 0.000010 0.017295 0.977587 0.000010
0.000010 0.000010 0.000010 0.000010 0.000010 0.000010 0.015748 0.984182 0.000010
0.000010 0.000010 0.000010 0.000010 0.326391 0.000010 0.000010 0.666198 0.007351
0.000010 0.000010 0.000010 0.000010 0.060350 0.000010 0.015634 0.919396 0.004570
0.000010 0.010979 0.000010 0.000010 0.145143 0.000010 0.000010 0.842661 0.001168
0.000010 0.017356 0.000010 0.000010 0.001683 0.000010 0.000010 0.980901 0.000010
0.000010 0.000010 0.000010 0.000010 0.338877 0.000010 0.000010 0.661053 0.000010
0.000010 0.020357 0.000010 0.000010 0.054331 0.000010 0.000010 0.925252 0.000010
0.000010 0.005697 0.000010 0.000010 0.031574 0.000010 0.000010 0.962668 0.000010
0.000010 0.000010 0.000010 0.000010 0.146175 0.000010 0.010355 0.840402 0.003017
0.000010 0.000010 0.000010 0.000010 0.099609 0.000010 0.014104 0.886227 0.000010
0.000010 0.000010 0.000010 0.000010 0.102878 0.000010 0.006920 0.887636 0.002517
0.000010 0.005584 0.000010 0.000010 0.000010 0.000010 0.001764 0.990817 0.001785
0.000010 0.000010 0.000010 0.000010 0.107858 0.000010 0.009919 0.878262 0.003911
0.000010 0.000010 0.000010 0.000010 0.000010 0.000010 0.010103 0.989827 0.000010
0.000010 0.000010 0.000010 0.000010 0.082120 0.000010 0.012628 0.897518 0.007685
0.000010 0.011213 0.000010 0.000010 0.065794 0.000010 0.010659 0.909943 0.002350
0.000010 0.000010 0.000010 0.000010 0.000010 0.000010 0.004232 0.994388 0.001320
0.000010 0.000010 0.001261 0.000010 0.064256 0.000010 0.010120 0.920425 0.003898
0.000010 0.000010 0.000010 0.000010 0.122150 0.000010 0.023073 0.844644 0.010084
0.000010 0.003899 0.000010 0.000010 0.000010 0.000010 0.011152 0.976211 0.008688
0.000010 0.011126 0.000010 0.000010 0.000010 0.000010 0.000010 0.978525 0.010289
0.000010 0.000010 0.002860 0.000010 0.071778 0.000010 0.008594 0.911797 0.004932
0.000010 0.000010 0.000010 0.000010 0.043237 0.000010 0.018781 0.937923 0.000010
0.000010 0.000010 0.000010 0.000010 0.000010 0.000010 0.011782 0.988148 0.000010
0.000010 0.000010 0.000010 0.000010 0.131905 0.000010 0.003514 0.864521 0.000010
0.000010 0.000010 0.000010 0.000010 0.047315 0.000010 0.026667 0.925958 0.000010
0.000010 0.005238 0.000010 0.000010 0.079277 0.000010 0.000010 0.911536 0.003899
0.000010 0.000010 0.000010 0.000010 0.253293 0.000010 0.007219 0.739428 0.000010
0.000010 0.000010 0.000010 0.000010 0.066674 0.000010 0.012905 0.920362 0.000010
0.000010 0.000010 0.000010 0.000010 0.000010 0.000010 0.008640 0.981762 0.009538
0.000010 0.000010 0.000010 0.000010 0.000010 0.000010 0.010437 0.989493 0.000010
0.000010 0.000010 0.000010 0.000010 0.056811 0.000010 0.012687 0.928637 0.001815
0.000010 0.583653 0.000010 0.000010 0.000010 0.000010 0.416277 0.000010 0.000010
0.000010 0.597109 0.000010 0.000010 0.000010 0.000010 0.402821 0.000010 0.000010
0.000010 0.620443 0.000010 0.000010 0.000010 0.000010 0.379487 0.000010 0.000010
0.000010 0.582421 0.000010 0.000010 0.000010 0.000010 0.417509 0.000010 0.000010
0.000010 0.581872 0.000010 0.000010 0.000010 0.000010 0.416231 0.000010 0.001837
0.000010 0.555638 0.000010 0.000010 0.000010 0.000010 0.444292 0.000010 0.000010
0.000010 0.614060 0.000010 0.000010 0.000010 0.000010 0.385870 0.000010 0.000010
0.000010 0.595975 0.000010 0.000010 0.000010 0.000010 0.403955 0.000010 0.000010
0.000010 0.610819 0.000010 0.000010 0.000010 0.000010 0.389111 0.000010 0.000010
0.000010 0.614180 0.000010 0.000010 0.000010 0.000010 0.385750 0.000010 0.000010
0.000010 0.610535 0.000010 0.000010 0.000010 0.000010 0.389395 0.000010 0.000010
0.000010 0.579851 0.000010 0.000010 0.000010 0.000010 0.420079 0.000010 0.000010
0.000010 0.625153 0.000010 0.000010 0.000010 0.000010 0.374777 0.000010 0.000010
0.000010 0.589542 0.000019 0.000010 0.000010 0.000010 0.410380 0.000010 0.000010
0.000010 0.567327 0.000010 0.000010 0.000010 0.000010 0.432603 0.000010 0.000010
0.000010 0.576139 0.000010 0.000010 0.000010 0.000010 0.423791 0.000010 0.000010
0.000010 0.602010 0.000010 0.000010 0.000010 0.000010 0.397920 0.000010 0.000010
0.000010 0.589791 0.000010 0.000010 0.000010 0.000010 0.410139 0.000010 0.000010
0.000010 0.556678 0.000010 0.000010 0.000010 0.000010 0.443252 0.000010 0.000010
0.000010 0.582481 0.000010 0.000010 0.000010 0.000010 0.417449 0.000010 0.000010
0.000010 0.577475 0.000010 0.000010 0.000010 0.000010 0.422455 0.000010 0.000010
0.000010 0.612268 0.000010 0.000010 0.000010 0.000010 0.387662 0.000010 0.000010
0.000010 0.586793 0.000010 0.000010 0.000010 0.000010 0.413137 0.000010 0.000010
0.000010 0.580592 0.000010 0.000010 0.000010 0.000010 0.417424 0.000010 0.001924
0.000010 0.589577 0.000010 0.000010 0.000010 0.000010 0.410353 0.000010 0.000010
0.000010 0.595328 0.000010 0.000010 0.000010 0.000010 0.404602 0.000010 0.000010
0.000010 0.556130 0.000010 0.000010 0.000010 0.000010 0.443800 0.000010 0.000010
0.000010 0.614690 0.000010 0.000010 0.000010 0.000010 0.385237 0.000013 0.000010
0.000010 0.563811 0.000010 0.000010 0.000010 0.000010 0.436119 0.000010 0.000010
0.000010 0.594738 0.000010 0.000010 0.000010 0.000010 0.405192 0.000010 0.000010
0.000010 0.535418 0.000010 0.000010 0.000010 0.000010 0.464512 0.000010 0.000010
0.000010 0.660524 0.000010 0.000010 0.000010 0.000010 0.339406 0.000010 0.000010
0.000010 0.607673 0.000010 0.000010 0.000010 0.000010 0.392257 0.000010 0.000010
0.000010 0.553537 0.000010 0.000010 0.000010 0.000010 0.446393 0.000010 0.000010
0.000010 0.560746 0.000010 0.000010 0.000010 0.000010 0.439184 0.000010 0.000010
0.000010 0.650875 0.000010 0.000010 0.000010 0.000010 0.349055 0.000010 0.000010
0.000010 0.592579 0.000010 0.000010 0.000010 0.000010 0.407351 0.000010 0.000010
0.000010 0.553174 0.000010 0.000010 0.000010 0.000010 0.446756 0.000010 0.000010
0.000010 0.599748 0.000010 0.000010 0.000010 0.000010 0.400182 0.000010 0.000010
0.000010 0.570205 0.000010 0.000010 0.000010 0.000010 0.429725 0.000010 0.000010
0.000010 0.554455 0.000010 0.000010 0.000010 0.000010 0.445475 0.000010 0.000010
0.000010 0.633678 0.000010 0.000010 0.000010 0.000010 0.366252 0.000010 0.000010
0.038433 0.000914 0.000010 0.038414 0.739303 0.011071 0.019280 0.000010 0.152565
0.097642 0.000010 0.009598 0.035788 0.600031 0.046352 0.008817 0.000010 0.201752
0.027053 0.000010 0.012991 0.021801 0.780039 0.027652 0.014127 0.000010 0.116317
0.000010 0.561976 0.000014 0.000010 0.000010 0.000010 0.437951 0.000010 0.000010
0.000010 0.577315 0.000010 0.000010 0.000010 0.000010 0.422615 0.000010 0.000010
0.000010 0.493492 0.000010 0.000010 0.000010 0.000010 0.504097 0.000010 0.002351
0.000010 0.569633 0.000010 0.000010 0.000010 0.000010 0.430297 0.000010 0.000010
0.000010 0.532688 0.000010 0.000010 0.000010 0.000010 0.467242 0.000010 0.000010
0.000010 0.577648 0.000015 0.000010 0.000010 0.000010 0.422278 0.000010 0.000010
0.000010 0.543058 0.000010 0.000010 0.000010 0.000010 0.456872 0.000010 0.000010
0.000010 0.532559 0.000010 0.000010 0.000010 0.000010 0.467371 0.000010 0.000010
0.000010 0.720970 0.000010 0.000010 0.000010 0.000010 0.278960 0.000010 0.000010
0.000010 0.547639 0.000010 0.000010 0.000010 0.000010 0.452291 0.000010 0.000010
0.000010 0.542066 0.000010 0.000010 0.000010 0.000010 0.457864 0.000010 0.000010
0.000010 0.621662 0.001467 0.000010 0.000010 0.000010 0.376811 0.000010 0.000010
0.000010 0.336724 0.000010 0.000010 0.000010 0.000010 0.647164 0.009767 0.006294
0.000010 0.535466 0.000010 0.000010 0.000010 0.000010 0.464464 0.000010 0.000010
0.000010 0.544784 0.000010 0.000010 0.000010 0.000010 0.455146 0.000010 0.000010
0.000010 0.516843 0.000010 0.000010 0.000010 0.000010 0.483087 0.000010 0.000010
0.000010 0.598484 0.000010 0.000010 0.000010 0.000010 0.401446 0.000010 0.000010
0.000010 0.457462 0.000017 0.000010 0.000010 0.000010 0.542462 0.000010 0.000010
0.000010 0.579295 0.000010 0.000010 0.000010 0.000010 0.420635 0.000010 0.000010
0.000010 0.595796 0.000010 0.000010 0.000010 0.000010 0.404134 0.000010 0.000010
0.000010 0.535406 0.000010 0.000010 0.000010 0.000010 0.464524 0.000010 0.000010
0.000010 0.534601 0.000010 0.000010 0.000010 0.000010 0.465329 0.000010 0.000010
0.000010 0.561404 0.000010 0.000010 0.000010 0.000010 0.438526 0.000010 0.000010
0.000010 0.565400 0.000010 0.000010 0.000010 0.000010 0.434530 0.000010 0.000010
0.000010 0.560111 0.000010 0.000010 0.000010 0.000010 0.439819 0.000010 0.000010
0.000010 0.587932 0.000010 0.000010 0.000010 0.000010 0.411998 0.000010 0.000010
0.006912 0.546720 0.000010 0.007786 0.005423 0.001441 0.428120 0.003578 0.000010
0.000010 0.558000 0.000010 0.000010 0.000010 0.000010 0.441930 0.000010 0.000010
0.000010 0.653836 0.000018 0.000010 0.000010 0.000010 0.345264 0.000010 0.000832
0.000010 0.527240 0.000010 0.000010 0.000010 0.000010 0.472690 0.000010 0.000010
0.000010 0.588941 0.000010 0.000010 0.000010 0.000010 0.410989 0.000010 0.000010
0.000010 0.570059 0.000010 0.000010 0.000010 0.000010 0.429871 0.000010 0.000010
0.000010 0.555721 0.000010 0.000010 0.000010 0.000010 0.444209 0.000010 0.000010
0.000010 0.546574 0.000010 0.000010 0.000010 0.000010 0.453356 0.000010 0.000010
0.000010 0.560283 0.000010 0.000010 0.000010 0.000010 0.439647 0.000010 0.000010
0.084203 0.000010 0.005112 0.031150 0.682470 0.032102 0.014266 0.000010 0.150677
0.108823 0.000010 0.012548 0.019832 0.650078 0.048834 0.008589 0.000010 0.151277
0.027721 0.011762 0.005178 0.002143 0.785785 0.043714 0.007176 0.000010 0.116511
0.034586 0.000010 0.011174 0.045081 0.720036 0.009194 0.012998 0.000010 0.166911
0.000010 0.745294 0.000010 0.000010 0.000010 0.000010 0.254636 0.000010 0.000010
0.000010 0.696835 0.000010 0.000010 0.000010 0.000010 0.303095 0.000010 0.000010
0.000010 0.700917 0.000010 0.000010 0.000010 0.000010 0.299013 0.000010 0.000010
0.000010 0.674028 0.000010 0.000010 0.000010 0.000010 0.325902 0.000010 0.000010
0.000010 0.712685 0.000010 0.000017 0.000010 0.000010 0.287238 0.000010 0.000010
0.000010 0.658052 0.000010 0.000010 0.000010 0.000010 0.341878 0.000010 0.000010
0.000010 0.694926 0.000010 0.000010 0.000010 0.000010 0.305004 0.000010 0.000010
0.000010 0.738221 0.000010 0.000010 0.000010 0.000010 0.261709 0.000010 0.000010
0.000010 0.681687 0.000010 0.000010 0.000010 0.000010 0.318243 0.000010 0.000010
0.000010 0.718117 0.000010 0.000010 0.000010 0.000010 0.281813 0.000010 0.000010
0.000010 0.709157 0.000010 0.000010 0.000010 0.000010 0.290773 0.000010 0.000010
0.000010 0.697158 0.000010 0.000010 0.000010 0.000010 0.302772 0.000010 0.000010
0.000010 0.685740 0.000010 0.000010 0.000010 0.000010 0.314190 0.000010 0.000010
0.000010 0.669464 0.000010 0.000010 0.000010 0.000010 0.330466 0.000010 0.000010
0.000010 0.684417 0.000010 0.000010 0.000010 0.000010 0.315513 0.000010 0.000010
0.000010 0.738732 0.000010 0.000010 0.000010 0.000010 0.261198 0.000010 0.000010
0.000010 0.708982 0.000010 0.000010 0.000010 0.000010 0.290948 0.000010 0.000010
0.000010 0.670820 0.000010 0.000010 0.000010 0.000010 0.329110 0.000010 0.000010
0.000010 0.724964 0.000010 0.000010 0.000010 0.000010 0.274966 0.000010 0.000010
0.000010 0.660411 0.000010 0.000010 0.000010 0.000010 0.339519 0.000010 0.000010
0.000010 0.666403 0.000010 0.000010 0.000010 0.000010 0.333527 0.000010 0.000010
0.000010 0.677877 0.000010 0.000010 0.000010 0.000010 0.322053 0.000010 0.000010
0.000010 0.715595 0.000010 0.000010 0.000010 0.000010 0.284335 0.000010 0.000010
0.000010 0.718573 0.000010 0.000010 0.000010 0.000010 0.281357 0.000010 0.000010
0.000010 0.681148 0.000010 0.000010 0.000010 0.000010 0.318782 0.000010 0.000010
0.000010 0.692975 0.000010 0.000010 0.000010 0.000010 0.306955 0.000010 0.000010
0.000010 0.720992 0.000010 0.000010 0.000010 0.000010 0.278938 0.000010 0.000010
0.000010 0.712366 0.000010 0.000010 0.000010 0.000010 0.287564 0.000010 0.000010
0.023104 0.000010 0.000010 0.000010 0.864516 0.000602 0.012616 0.013238 0.085895
0.028622 0.000010 0.000010 0.019167 0.797857 0.000010 0.015744 0.000010 0.138569
0.043715 0.007926 0.000010 0.017819 0.661017 0.053793 0.000010 0.009658 0.206052
0.028409 0.000010 0.000010 0.030582 0.776375 0.000010 0.004656 0.040205 0.119744
0.061439 0.006266 0.000010 0.023518 0.765209 0.000010 0.000010 0.035504 0.108034
0.017607 0.000010 0.000010 0.030428 0.703601 0.000010 0.000010 0.186199 0.062125
0.052718 0.000010 0.002358 0.006506 0.720498 0.057979 0.000010 0.000010 0.159911
0.025480 0.000010 0.000010 0.000010 0.867748 0.039102 0.000010 0.001650 0.065981
0.051652 0.000010 0.000010 0.026547 0.674629 0.003372 0.019027 0.000010 0.224744
0.000010 0.999527 0.000010 0.000010 0.000010 0.000010 0.000403 0.000010 0.000010
0.000010 0.999913 0.000017 0.000010 0.000010 0.000010 0.000010 0.000010 0.000010
0.000010 0.999920 0.000010 0.000010 0.000010 0.000010 0.000010 0.000010 0.000010
0.000010 0.999920 0.000010 0.000010 0.000010 0.000010 0.000010 0.000010 0.000010
0.000010 0.970164 0.005619 0.000010 0.000010 0.000010 0.024157 0.000010 0.000010
0.000010 0.974113 0.000010 0.000010 0.000010 0.000010 0.025817 0.000010 0.000010
0.000010 0.986343 0.000010 0.000010 0.000010 0.000010 0.013587 0.000010 0.000010
0.000010 0.999920 0.000010 0.000010 0.000010 0.000010 0.000010 0.000010 0.000010
0.000010 0.918730 0.000010 0.000010 0.000010 0.000010 0.081200 0.000010 0.000010
0.000010 0.909855 0.000010 0.000010 0.000010 0.000010 0.090075 0.000010 0.000010
0.000010 0.975509 0.000010 0.000010 0.000010 0.000010 0.024421 0.000010 0.000010
0.000010 0.994874 0.000010 0.000010 0.000010 0.000010 0.005056 0.000010 0.000010
0.000010 0.992052 0.000010 0.000010 0.000010 0.000010 0.007878 0.000010 0.000010
0.000010 0.999920 0.000010 0.000010 0.000010 0.000010 0.000010 0.000010 0.000010
0.000010 0.999920 0.000010 0.000010 0.000010 0.000010 0.000010 0.000010 0.000010
0.020678 0.009166 0.000010 0.011386 0.783780 0.047081 0.000010 0.024635 0.103254
0.047263 0.000010 0.000010 0.040404 0.729603 0.017238 0.013288 0.000010 0.152175
0.098197 0.002756 0.000010 0.055600 0.585949 0.079427 0.001762 0.037167 0.139131
0.095079 0.008472 0.015794 0.055132 0.550538 0.062742 0.000010 0.010857 0.201375
0.096353 0.000010 0.000010 0.046694 0.560635 0.084986 0.009156 0.015041 0.187115
0.063006 0.000010 0.000010 0.000218 0.749529 0.000010 0.016798 0.000010 0.170409
0.063674 0.000010 0.000301 0.033063 0.739899 0.030969 0.003832 0.014224 0.114028
0.062480 0.008501 0.005320 0.031667 0.689317 0.027713 0.000010 0.020830 0.154162
0.045119 0.003351 0.000010 0.007484 0.755337 0.037924 0.008986 0.019692 0.122097
0.028204 0.000010 0.000010 0.012139 0.781288 0.026395 0.003488 0.000010 0.148456
0.083691 0.010507 0.000010 0.069469 0.506955 0.195537 0.000010 0.000010 0.133811
0.021534 0.007792 0.000010 0.019153 0.688331 0.126552 0.012968 0.000010 0.123651
0.045656 0.000010 0.000010 0.023772 0.762044 0.000010 0.019164 0.013474 0.135859
0.034769 0.000010 0.000010 0.028156 0.759083 0.014978 0.014744 0.000010 0.148240
0.032400 0.000010 0.000010 0.039210 0.747806 0.009868 0.002812 0.000010 0.167874
0.051781 0.000010 0.000010 0.003771 0.777425 0.003693 0.001196 0.000010 0.162103
0.054319 0.003809 0.003461 0.009142 0.755694 0.015875 0.000010 0.000010 0.157681
0.029172 0.006527 0.000010 0.051840 0.748390 0.009687 0.005913 0.000010 0.148452
0.046455 0.000010 0.018075 0.001018 0.766277 0.042262 0.015756 0.043620 0.066528
0.089707 0.000010 0.000010 0.035416 0.575792 0.067141 0.021837 0.022138 0.187948
0.056151 0.000010 0.008159 0.055482 0.671932 0.066037 0.004200 0.000010 0.138018
0.025459 0.000010 0.009310 0.010809 0.678978 0.054257 0.000010 0.000010 0.221159
0.070385 0.006174 0.000010 0.021135 0.603799 0.117002 0.016401 0.014874 0.150220
0.047724 0.000010 0.000010 0.000010 0.719983 0.051629 0.000010 0.000010 0.180614
0.059279 0.005413 0.007313 0.016526 0.717506 0.045102 0.000010 0.013054 0.135799
0.052614 0.001015 0.000010 0.022854 0.666723 0.054236 0.000010 0.000010 0.202527
0.086090 0.007778 0.000010 0.030114 0.655289 0.077911 0.000010 0.011622 0.131176
0.019487 0.006072 0.009264 0.036937 0.658872 0.083965 0.000010 0.035298 0.150094
0.117710 0.000010 0.021211 0.020465 0.590632 0.100036 0.013657 0.000010 0.136268
0.059272 0.007761 0.007322 0.007266 0.707187 0.060172 0.000010 0.009118 0.141892
0.028467 0.004915 0.008722 0.063246 0.720373 0.013815 0.008024 0.013209 0.139230
0.056822 0.000010 0.000010 0.033904 0.729985 0.010036 0.006545 0.000010 0.162678
0.048691 0.005545 0.000010 0.019593 0.744391 0.031351 0.000010 0.000010 0.150399
0.045228 0.000010 0.000010 0.078072 0.669149 0.025403 0.006653 0.000010 0.175465
0.134076 0.000010 0.000010 0.013862 0.659898 0.022197 0.000010 0.032364 0.137573
0.040738 0.015138 0.000010 0.031952 0.765325 0.016334 0.004814 0.000010 0.125678
0.043445 0.000010 0.000010 0.007036 0.761587 0.035617 0.013208 0.053959 0.085129
0.065185 0.012199 0.000010 0.064667 0.643654 0.091213 0.000010 0.000010 0.123052
0.060556 0.000010 0.005082 0.026270 0.677071 0.048994 0.006819 0.027371 0.147828
0.084105 0.002342 0.000010 0.000241 0.707275 0.030593 0.002938 0.012859 0.159636
0.000010 0.004910 0.003599 0.010922 0.892468 0.010759 0.000120 0.000010 0.077201
0.000010 0.015956 0.000010 0.005123 0.681917 0.000010 0.000010 0.000010 0.296954
0.000010 0.000010 0.000010 0.004027 0.819324 0.034668 0.011881 0.000010 0.130059
0.000010 0.000010 0.008257 0.028459 0.594778 0.015261 0.008948 0.033294 0.310983
0.024055 0.000010 0.000010 0.018834 0.626011 0.022356 0.000010 0.072384 0.236330
0.082461 0.005924 0.012535 0.004311 0.488741 0.048270 0.000010 0.049573 0.308176
0.064354 0.010088 0.000011 0.013970 0.606826 0.011781 0.000010 0.026052 0.266907
0.019301 0.000010 0.003693 0.009328 0.656896 0.029900 0.004268 0.015982 0.260621
0.001162 0.000010 0.011063 0.012162 0.651837 0.041919 0.019033 0.000010 0.262805
0.018870 0.006470 0.000010 0.000621 0.777383 0.000010 0.000010 0.018238 0.178387
0.067768 0.009487 0.000010 0.056728 0.586414 0.000931 0.000010 0.044239 0.234412
0.057876 0.009751 0.000010 0.014080 0.603647 0.022423 0.000010 0.016879 0.275324
0.009937 0.008753 0.000010 0.006934 0.608499 0.006011 0.003085 0.000010 0.356761
0.063581 0.000010 0.000010 0.007359 0.509238 0.119730 0.000010 0.000010 0.300052
0.029569 0.000010 0.017445 0.006768 0.627883 0.000010 0.004100 0.031833 0.282382
0.075171 0.015907 0.006255 0.026614 0.426946 0.074914 0.000010 0.000010 0.374173
0.019817 0.000010 0.003978 0.001959 0.651310 0.028818 0.000010 0.026497 0.267601
0.036270 0.018602 0.000010 0.043728 0.436931 0.019860 0.000010 0.000010 0.444578
0.078352 0.011237 0.001496 0.069631 0.638018 0.031254 0.000010 0.000010 0.169992
0.070856 0.000010 0.002659 0.021085 0.718944 0.006763 0.007456 0.002850 0.169377
0.074076 0.009742 0.000010 0.017171 0.763834 0.008525 0.000010 0.000010 0.126622
0.103019 0.005193 0.000890 0.050830 0.560497 0.086029 0.000010 0.055244 0.138289
0.000010 0.000010 0.045871 0.011176 0.862722 0.015013 0.000543 0.000010 0.064645
0.062073 0.000010 0.000010 0.028774 0.691623 0.042719 0.005347 0.003776 0.165668
0.055448 0.000010 0.006272 0.038612 0.611163 0.097480 0.006849 0.035583 0.148584
0.044042 0.008132 0.000010 0.006454 0.858422 0.015658 0.000010 0.004431 0.062841
0.000010 0.010572 0.005958 0.013793 0.775023 0.047286 0.000010 0.018531 0.128817
0.029026 0.005846 0.000010 0.011010 0.687520 0.055288 0.000615 0.041537 0.169148
0.025380 0.000010 0.009043 0.000010 0.703589 0.052201 0.023107 0.000010 0.186650
0.105595 0.006466 0.003706 0.026165 0.674250 0.020927 0.000010 0.005544 0.157337
0.060677 0.000010 0.000010 0.053236 0.694297 0.003936 0.013013 0.001926 0.172895
0.064897 0.000010 0.000010 0.047265 0.532609 0.092113 0.007510 0.013485 0.242101
0.087664 0.004589 0.000010 0.075596 0.536416 0.059362 0.024182 0.000010 0.212171
0.085877 0.003801 0.003269 0.038307 0.609619 0.030488 0.013641 0.000010 0.214987
0.032352 0.000010 0.004383 0.018972 0.679627 0.042494 0.008983 0.000010 0.213170
0.034617 0.004085 0.000010 0.000010 0.764523 0.030844 0.000010 0.000010 0.165892
0.111416 0.000678 0.000010 0.002629 0.652611 0.079354 0.000010 0.000010 0.153282
0.040694 0.007228 0.000010 0.000010 0.837508 0.001869 0.002803 0.000010 0.109868
0.054730 0.004522 0.004987 0.000010 0.749745 0.045253 0.016469 0.000010 0.124275
0.045558 0.010919 0.000010 0.030952 0.744999 0.041554 0.000010 0.000671 0.125327
0.075412 0.014758 0.000010 0.022778 0.606335 0.095419 0.000010 0.013886 0.171393
0.037594 0.000010 0.011922 0.033675 0.753710 0.044320 0.002073 0.000010 0.116685
0.050492 0.000010 0.003752 0.005535 0.570253 0.018417 0.016671 0.008893 0.325977
0.021235 0.000010 0.001385 0.000010 0.692298 0.000010 0.018643 0.000010 0.266399
0.015398 0.000010 0.000010 0.026395 0.676722 0.007437 0.019810 0.009914 0.244303
0.086673 0.003662 0.000010 0.021163 0.511696 0.075917 0.002713 0.009010 0.289157
0.000010 0.004524 0.000010 0.009208 0.786431 0.000010 0.006386 0.007233 0.186187
0.012135 0.004920 0.011498 0.000010 0.626397 0.000010 0.000010 0.031883 0.313137
0.020831 0.005996 0.000010 0.000010 0.819420 0.002910 0.013483 0.012909 0.124430
0.045655 0.000010 0.006965 0.032425 0.542273 0.049064 0.001091 0.000010 0.322507
0.056221 0.008678 0.000010 0.006489 0.644269 0.010507 0.000010 0.000010 0.273806
0.038683 0.000049 0.000010 0.028376 0.650890 0.013002 0.000010 0.002394 0.266586
0.069140 0.000010 0.003871 0.042709 0.485646 0.073696 0.013639 0.000010 0.311279
0.008530 0.000641 0.008187 0.000010 0.602327 0.000010 0.006800 0.003807 0.369688
0.000010 0.000010 0.000354 0.016345 0.668927 0.000010 0.003782 0.014671 0.295891
0.029465 0.000936 0.000010 0.000010 0.692150 0.000010 0.015651 0.000010 0.261758
0.048180 0.012096 0.004926 0.017905 0.680941 0.000010 0.000010 0.000010 0.235922
0.075452 0.000010 0.000010 0.042589 0.599008 0.124828 0.003901 0.000010 0.154192
0.049637 0.011220 0.000383 0.022984 0.655049 0.060818 0.001300 0.000010 0.198597
0.087445 0.004492 0.006585 0.037119 0.636667 0.006113 0.016336 0.021064 0.184178
0.057887 0.005236 0.000010 0.033357 0.639659 0.059477 0.000010 0.016432 0.187932
0.123325 0.000010 0.000010 0.029435 0.592231 0.082291 0.012329 0.000010 0.160360
0.037551 0.017529 0.000010 0.014265 0.757174 0.040774 0.000647 0.042630 0.089421
0.057129 0.007901 0.000010 0.022734 0.721136 0.046187 0.000268 0.000010 0.144624
0.042897 0.007634 0.000010 0.011735 0.700296 0.064451 0.008922 0.000010 0.164045
0.078973 0.000010 0.000010 0.005592 0.731042 0.055216 0.010057 0.014830 0.104269
0.047364 0.010297 0.000010 0.025163 0.678626 0.029606 0.001557 0.000010 0.207367
0.000010 0.000010 0.000896 0.000010 0.658406 0.000010 0.000010 0.337219 0.003430
0.000010 0.000010 0.004898 0.000010 0.366643 0.000010 0.017732 0.001514 0.609173
0.113733 0.014961 0.000010 0.060993 0.387206 0.181007 0.000010 0.012242 0.229839
0.023738 0.001003 0.000010 0.006696 0.505469 0.000010 0.006027 0.048877 0.408170
0.033455 0.006755 0.006991 0.016477 0.690594 0.000010 0.002220 0.006856 0.236642
0.022804 0.012965 0.016518 0.000010 0.527421 0.016461 0.000010 0.000010 0.403801
0.024500 0.000010 0.000010 0.018247 0.490570 0.028153 0.003913 0.039522 0.395075
0.000010 0.000920 0.000010 0.013474 0.661406 0.000010 0.000886 0.021226 0.302057
0.014981 0.000010 0.000010 0.005774 0.757905 0.013072 0.000010 0.006065 0.202172
0.006561 0.003876 0.000010 0.005032 0.794894 0.006252 0.000010 0.016817 0.166549
0.018388 0.006260 0.000010 0.017497 0.564475 0.017723 0.000010 0.055343 0.320295
0.008850 0.000010 0.000010 0.007584 0.628609 0.000010 0.017235 0.052775 0.284916
0.001375 0.000010 0.017733 0.021386 0.668189 0.016781 0.000010 0.011546 0.262970
0.034482 0.008315 0.015675 0.025694 0.660124 0.003931 0.000010 0.005014 0.246754
0.061195 0.000010 0.000010 0.007018 0.603159 0.077704 0.012182 0.000010 0.238713
0.032872 0.022283 0.000010 0.052366 0.486592 0.076767 0.000010 0.000010 0.329090
0.046918 0.000121 0.016539 0.010785 0.511263 0.087643 0.000010 0.038958 0.287763
0.036231 0.015522 0.000010 0.018277 0.593007 0.063645 0.002795 0.006965 0.263548
0.058440 0.005037 0.000010 0.012859 0.339932 0.054335 0.006708 0.000010 0.522668
0.034303 0.009048 0.000010 0.001863 0.616103 0.000010 0.000010 0.000010 0.338644
0.007228 0.000010 0.000010 0.005378 0.705342 0.000010 0.009962 0.000010 0.272050
0.056513 0.009623 0.000010 0.017414 0.536852 0.059272 0.008045 0.005833 0.306438
0.092961 0.000010 0.009933 0.004991 0.561229 0.007456 0.015611 0.004426 0.303383
0.020214 0.013899 0.000010 0.000010 0.545992 0.020907 0.011845 0.000010 0.387113
0.026017 0.000010 0.002716 0.000010 0.689434 0.003414 0.000010 0.022992 0.255396
0.018101 0.000010 0.000010 0.036115 0.693868 0.006357 0.015103 0.000010 0.230427
0.028687 0.009066 0.016869 0.000010 0.778364 0.023823 0.000010 0.000010 0.143161
0.045262 0.000010 0.000010 0.046193 0.398358 0.195152 0.010803 0.000010 0.304203
0.091348 0.009682 0.000010 0.003872 0.630708 0.068318 0.000010 0.002267 0.193786
0.076304 0.004284 0.001030 0.007911 0.613609 0.123185 0.016136 0.011167 0.146375
0.038138 0.000010 0.000010 0.017468 0.770469 0.024991 0.002170 0.000010 0.146735
0.080999 0.000010 0.008045 0.034980 0.601135 0.060018 0.010822 0.000010 0.203981
0.138253 0.000010 0.010757 0.005342 0.636742 0.041501 0.000010 0.000010 0.167374
0.064127 0.000010 0.006406 0.008950 0.613698 0.089185 0.018882 0.003308 0.195435
0.063389 0.018214 0.008347 0.000010 0.630839 0.104203 0.000010 0.000010 0.174977
0.047209 0.014735 0.014239 0.009377 0.736093 0.044662 0.000010 0.017607 0.116068
0.055177 0.000010 0.000010 0.029325 0.675642 0.004528 0.000010 0.000010 0.235289
0.090232 0.014028 0.000666 0.056972 0.640244 0.000010 0.000010 0.000010 0.197828
0.051836 0.005761 0.010809 0.004950 0.630410 0.064543 0.002311 0.048484 0.180895
0.081209 0.000010 0.011644 0.020723 0.566095 0.016297 0.013049 0.004059 0.286915
0.018430 0.021528 0.000010 0.004494 0.700288 0.004659 0.000010 0.000010 0.250570
0.043418 0.005476 0.000010 0.000010 0.388283 0.006273 0.006845 0.013099 0.536585
0.013322 0.000010 0.000010 0.000010 0.837740 0.000010 0.012096 0.012957 0.123846
0.075284 0.000010 0.000010 0.018749 0.519375 0.084077 0.003923 0.064700 0.233872
0.000010 0.000010 0.013257 0.015707 0.538087 0.000010 0.016601 0.010318 0.406000
0.001224 0.000010 0.000010 0.030903 0.380326 0.017512 0.000010 0.002931 0.567074
0.057995 0.000010 0.000010 0.000010 0.595616 0.033919 0.010864 0.000010 0.301566
0.037223 0.000010 0.016064 0.005634 0.608440 0.023314 0.027191 0.031449 0.250676
0.006529 0.000010 0.000010 0.000010 0.560059 0.020512 0.019612 0.000010 0.393248
0.014271 0.000010 0.004405 0.013765 0.512140 0.024805 0.011077 0.017290 0.402238
0.013158 0.000010 0.003580 0.005231 0.504687 0.014658 0.007546 0.023595 0.427534
0.037899 0.000010 0.009523 0.054752 0.418060 0.080961 0.004328 0.000010 0.394457
0.091112 0.000010 0.006799 0.046196 0.364264 0.148709 0.015964 0.010216 0.316729
0.055705 0.001815 0.004793 0.031407 0.468598 0.108658 0.000010 0.000010 0.329004
0.004136 0.000010 0.000010 0.008537 0.774713 0.000010 0.013055 0.000010 0.199518
0.016649 0.000069 0.000010 0.005257 0.778936 0.000010 0.000010 0.000010 0.199048
0.009971 0.000010 0.000010 0.012594 0.780639 0.000010 0.003869 0.017498 0.175398
0.023553 0.000010 0.000010 0.000010 0.819581 0.000010 0.000010 0.000010 0.156806
0.152939 0.007506 0.007140 0.071597 0.334782 0.125423 0.000010 0.029562 0.271040
0.011514 0.000010 0.000010 0.000010 0.586785 0.027945 0.009125 0.000010 0.364591
0.056122 0.000010 0.009481 0.036108 0.621852 0.060111 0.004608 0.068540 0.143167
0.000010 0.001469 0.030394 0.000010 0.813558 0.012003 0.000010 0.012030 0.130516
0.000010 0.009659 0.000010 0.016417 0.791416 0.000010 0.003874 0.000010 0.178594
0.018981 0.006105 0.007875 0.000010 0.746919 0.008316 0.000010 0.000010 0.211775
0.026412 0.000010 0.003601 0.005460 0.452434 0.055983 0.021755 0.002850 0.431494
0.034851 0.015220 0.003826 0.027558 0.455421 0.059096 0.010185 0.017220 0.376623
