0.000010 0.000010 0.000010 0.000010 0.385463 0.000010 0.000010 0.613027 0.001450
0.000010 0.000010 0.038589 0.000010 0.356197 0.000010 0.004590 0.600575 0.000010
0.000010 0.000010 0.000010 0.000010 0.379825 0.000010 0.000010 0.620105 0.000010
0.000010 0.000010 0.014701 0.000010 0.362256 0.000010 0.008544 0.614449 0.000010
0.000010 0.000010 0.000010 0.000010 0.342111 0.000010 0.007550 0.649959 0.000330
0.000010 0.000010 0.010878 0.000010 0.399566 0.000010 0.015331 0.574175 0.000010
0.000010 0.000010 0.004297 0.000010 0.369485 0.000010 0.000010 0.626158 0.000010
0.000010 0.000010 0.004932 0.000010 0.367400 0.000010 0.000010 0.627608 0.000010
0.000010 0.000010 0.006456 0.000010 0.415323 0.000010 0.000010 0.578161 0.000010
0.000010 0.000010 0.000010 0.000010 0.393970 0.000010 0.002387 0.603584 0.000010
0.000010 0.000010 0.000010 0.000010 0.380399 0.000010 0.000609 0.618247 0.000695
0.000010 0.000010 0.000010 0.000010 0.393946 0.000010 0.000010 0.605984 0.000010
0.000010 0.000010 0.000010 0.000010 0.373823 0.000010 0.000010 0.626107 0.000010
0.000010 0.000010 0.001503 0.000010 0.367753 0.000010 0.000010 0.630683 0.000010
0.000010 0.000010 0.000010 0.000010 0.381883 0.000010 0.000010 0.618047 0.000010
0.000010 0.000010 0.000010 0.000010 0.396014 0.000010 0.000010 0.603916 0.000010
0.000010 0.000010 0.000010 0.000010 0.375808 0.000010 0.000010 0.624122 0.000010
0.000010 0.000010 0.006560 0.000010 0.400584 0.000010 0.000010 0.592796 0.000010
0.000010 0.000010 0.000010 0.000010 0.444387 0.000010 0.000010 0.549636 0.005916
0.000010 0.000010 0.000010 0.000010 0.373116 0.000010 0.000010 0.626814 0.000010
0.000010 0.004822 0.000010 0.000010 0.362317 0.000010 0.000010 0.632801 0.000010
0.000010 0.000010 0.013153 0.000010 0.279801 0.000010 0.000010 0.706986 0.000010
0.000010 0.000010 0.000010 0.000010 0.397233 0.000010 0.000010 0.596321 0.006386
0.000010 0.000010 0.000010 0.000010 0.434212 0.000010 0.000010 0.565718 0.000010
0.000010 0.000010 0.000010 0.000010 0.375880 0.000010 0.000010 0.624050 0.000010
0.000010 0.000010 0.014766 0.000010 0.429098 0.000010 0.000010 0.556077 0.000010
0.000010 0.000010 0.000010 0.000010 0.428878 0.000010 0.000010 0.571052 0.000010
0.000010 0.000010 0.008234 0.000010 0.335365 0.000010 0.013570 0.642781 0.000010
0.000010 0.000010 0.000010 0.000010 0.335301 0.000010 0.000010 0.664629 0.000010
0.000010 0.000010 0.006167 0.000011 0.338569 0.000010 0.000010 0.655204 0.000010
0.000010 0.000010 0.011777 0.000010 0.391788 0.000010 0.000010 0.596376 0.000010
0.000010 0.000010 0.023552 0.000010 0.298791 0.000010 0.000010 0.677597 0.000010
0.000010 0.000010 0.000670 0.000010 0.369648 0.000010 0.000010 0.629622 0.000010
0.000010 0.012868 0.000010 0.000010 0.333735 0.000010 0.000010 0.653337 0.000010
0.000010 0.000010 0.006308 0.000011 0.328773 0.000010 0.000010 0.664859 0.000010
0.000010 0.004672 0.003685 0.000010 0.396486 0.000010 0.000010 0.595107 0.000010
0.000010 0.000010 0.000010 0.000010 0.361123 0.000010 0.002015 0.636802 0.000010
0.000010 0.000010 0.000010 0.000010 0.384290 0.000010 0.000010 0.615640 0.000010
0.000010 0.000010 0.000010 0.000010 0.360765 0.000010 0.002547 0.636629 0.000010
0.000010 0.000010 0.000010 0.000010 0.350152 0.000010 0.000010 0.649778 0.000010
0.000010 0.000010 0.006265 0.000010 0.393668 0.000010 0.000010 0.600007 0.000010
0.000010 0.000010 0.001991 0.000010 0.345034 0.000010 0.000010 0.652914 0.000010
0.000010 0.000010 0.000010 0.000010 0.321897 0.004215 0.000010 0.673828 0.000010
0.000010 0.000010 0.011624 0.000010 0.324670 0.000010 0.008295 0.655361 0.000010
0.000010 0.000010 0.000010 0.000010 0.323834 0.000010 0.001115 0.674991 0.000010
0.000010 0.000010 0.000010 0.000010 0.368463 0.000010 0.002047 0.629430 0.000010
0.000010 0.000010 0.000010 0.000010 0.357634 0.000010 0.000010 0.641562 0.000744
0.000010 0.000010 0.000010 0.000010 0.360931 0.000010 0.000010 0.638999 0.000010
0.000010 0.000010 0.004612 0.000010 0.383986 0.000010 0.000010 0.611343 0.000010
0.000010 0.000010 0.000010 0.000010 0.408231 0.000010 0.000010 0.591699 0.000010
0.000010 0.000010 0.000010 0.000010 0.390860 0.000010 0.007862 0.601218 0.000010
0.000010 0.000010 0.000010 0.000010 0.339076 0.000010 0.004525 0.656340 0.000010
0.002119 0.000010 0.003761 0.000010 0.375294 0.000010 0.018874 0.599912 0.000010
0.000010 0.000010 0.000010 0.000010 0.360826 0.000010 0.000010 0.639104 0.000010
0.000010 0.000010 0.000010 0.000010 0.360353 0.000010 0.000010 0.639577 0.000010
0.000010 0.004902 0.000010 0.000010 0.964735 0.000010 0.030303 0.000010 0.000010
0.000010 0.021564 0.007899 0.000010 0.950678 0.000010 0.012900 0.006919 0.000010
0.000010 0.020455 0.000010 0.000010 0.722711 0.000010 0.000010 0.256774 0.000010
0.000010 0.027701 0.001252 0.000010 0.874259 0.000010 0.000010 0.096737 0.000010
0.000010 0.052051 0.000010 0.000010 0.895269 0.000010 0.004149 0.048481 0.000010
0.000010 0.033320 0.000010 0.000010 0.868549 0.000010 0.006119 0.091962 0.000010
0.000010 0.045874 0.000010 0.000010 0.912498 0.000010 0.000010 0.041568 0.000010
0.000010 0.021013 0.011695 0.000010 0.848832 0.000010 0.000010 0.118410 0.000010
0.000010 0.007390 0.032512 0.000010 0.675818 0.006172 0.000010 0.278068 0.000010
0.000010 0.033829 0.000010 0.000010 0.882763 0.000010 0.001194 0.082164 0.000010
0.000010 0.017299 0.005247 0.000010 0.919920 0.000010 0.018051 0.039443 0.000010
0.000010 0.030605 0.019108 0.000010 0.919091 0.000010 0.004758 0.021112 0.005296
0.000010 0.018460 0.014703 0.000010 0.951825 0.000010 0.007789 0.000010 0.007183
0.000010 0.029780 0.000010 0.000010 0.970150 0.000010 0.000010 0.000010 0.000010
0.000010 0.030408 0.000010 0.000010 0.842615 0.000010 0.000010 0.126917 0.000010
0.000010 0.006118 0.000010 0.000010 0.862749 0.000010 0.012880 0.096583 0.021630
0.000010 0.000010 0.026504 0.000010 0.758841 0.000010 0.003198 0.200786 0.010632
0.000010 0.000010 0.004609 0.000010 0.358679 0.000010 0.000010 0.636652 0.000010
0.000010 0.000010 0.000010 0.000010 0.376242 0.000010 0.000010 0.623688 0.000010
0.000382 0.000010 0.000010 0.000010 0.320202 0.000010 0.000010 0.679356 0.000010
0.000010 0.003158 0.000010 0.000010 0.349889 0.000010 0.000010 0.646893 0.000010
0.000010 0.003246 0.000010 0.000010 0.347521 0.000010 0.006866 0.642317 0.000010
0.000010 0.000010 0.000010 0.000010 0.321273 0.000010 0.000020 0.678648 0.000010
0.000010 0.000010 0.000672 0.000010 0.357380 0.000010 0.000010 0.636878 0.005020
0.000010 0.000010 0.015908 0.000010 0.353078 0.000010 0.000010 0.630954 0.000010
0.000010 0.000010 0.000010 0.000010 0.381607 0.000010 0.000010 0.618323 0.000010
0.000010 0.000010 0.000010 0.000010 0.354104 0.000010 0.000010 0.645826 0.000010
0.000010 0.000010 0.000010 0.000010 0.362023 0.000010 0.008582 0.629335 0.000010
0.000010 0.004753 0.000010 0.000010 0.329959 0.000010 0.000010 0.665228 0.000010
0.000010 0.000010 0.012778 0.000010 0.287498 0.000010 0.008459 0.691215 0.000010
0.000010 0.000010 0.000010 0.000010 0.307753 0.000010 0.000010 0.692177 0.000010
0.000010 0.000010 0.000010 0.000010 0.356046 0.000010 0.003068 0.640825 0.000010
0.000010 0.000010 0.021104 0.000010 0.352121 0.000010 0.000010 0.626715 0.000010
0.000010 0.000010 0.000010 0.000010 0.341191 0.000010 0.000010 0.658739 0.000010
0.000010 0.000010 0.000010 0.000010 0.395522 0.000010 0.003831 0.600587 0.000010
0.000010 0.000010 0.000010 0.000010 0.288532 0.000010 0.000010 0.711398 0.000010
0.000010 0.000010 0.000532 0.000010 0.329942 0.000010 0.000010 0.661482 0.007994
0.000010 0.000010 0.000289 0.000010 0.326212 0.000010 0.000010 0.673439 0.000010
0.000010 0.000010 0.000010 0.000010 0.363613 0.000010 0.000010 0.636317 0.000010
0.000010 0.000010 0.000010 0.000010 0.399818 0.000010 0.000010 0.600112 0.000010
0.000010 0.000010 0.000010 0.000010 0.314230 0.000010 0.000010 0.685700 0.000010
0.000010 0.000010 0.000010 0.000010 0.310351 0.000010 0.000010 0.689579 0.000010
0.000010 0.000010 0.000010 0.000010 0.463047 0.000010 0.003367 0.533526 0.000010
0.000010 0.000010 0.001405 0.000010 0.327400 0.000010 0.000010 0.671135 0.000010
0.000010 0.000010 0.013649 0.000010 0.367132 0.000010 0.000010 0.619159 0.000010
0.000010 0.000010 0.000010 0.000010 0.305505 0.000010 0.000010 0.694425 0.000010
0.000010 0.000010 0.000010 0.000010 0.323492 0.000010 0.000010 0.676438 0.000010
0.000010 0.000010 0.000010 0.000010 0.418181 0.000010 0.000010 0.581749 0.000010
0.000010 0.027059 0.023340 0.000010 0.873959 0.000010 0.002063 0.073539 0.000010
0.000010 0.045060 0.000010 0.000010 0.945236 0.000010 0.000010 0.009644 0.000010
0.000010 0.020709 0.002291 0.000010 0.839123 0.000010 0.000010 0.129173 0.008664
0.000010 0.032016 0.000010 0.000010 0.963353 0.000010 0.004571 0.000010 0.000010
0.000010 0.010242 0.000010 0.000010 0.967873 0.000010 0.005381 0.000010 0.016453
0.000010 0.009454 0.010542 0.000010 0.952165 0.000010 0.014627 0.000010 0.013171
0.000010 0.000010 0.000010 0.000010 0.814112 0.000010 0.000010 0.158975 0.026853
0.000010 0.009710 0.000010 0.000010 0.869835 0.000010 0.003637 0.116768 0.000010
0.000010 0.020985 0.006832 0.000010 0.766503 0.000010 0.000010 0.205631 0.000010
0.000010 0.017587 0.000010 0.000010 0.907219 0.000010 0.022342 0.048746 0.004066
0.000010 0.017534 0.000010 0.000015 0.695954 0.000010 0.000017 0.286439 0.000010
0.000010 0.007308 0.024450 0.000010 0.927790 0.000010 0.010445 0.025348 0.004629
0.000010 0.006655 0.036454 0.000010 0.912163 0.000010 0.000010 0.044678 0.000010
0.000010 0.000016 0.000010 0.000010 0.925334 0.000010 0.000010 0.058983 0.015617
0.000010 0.018716 0.016001 0.000010 0.963790 0.000010 0.000010 0.001443 0.000010
0.000010 0.006866 0.008810 0.000010 0.929471 0.000010 0.000010 0.054803 0.000010
0.000010 0.027100 0.000010 0.000010 0.972830 0.000010 0.000010 0.000010 0.000010
0.000010 0.029060 0.000010 0.000010 0.970870 0.000010 0.000010 0.000010 0.000010
0.000010 0.035579 0.009590 0.000010 0.954770 0.000010 0.000010 0.000010 0.000010
0.000010 0.017865 0.000010 0.000010 0.982065 0.000010 0.000010 0.000010 0.000010
0.000010 0.018931 0.017806 0.000010 0.809401 0.000010 0.008351 0.145470 0.000010
0.000010 0.007336 0.000010 0.000010 0.808725 0.000010 0.006280 0.143426 0.034193
0.000010 0.000014 0.000010 0.000010 0.912275 0.000010 0.006802 0.055408 0.025461
0.000010 0.014599 0.000010 0.000010 0.898751 0.000010 0.003047 0.083552 0.000010
0.000010 0.002148 0.000010 0.000010 0.764526 0.000010 0.013213 0.220064 0.000010
0.000010 0.013106 0.000010 0.000010 0.974715 0.000010 0.000010 0.000010 0.012119
0.000010 0.022219 0.000010 0.000010 0.850536 0.000010 0.004911 0.122284 0.000010
0.000010 0.000010 0.003679 0.000010 0.904350 0.000010 0.000010 0.091910 0.000010
0.000010 0.022548 0.000010 0.000010 0.867329 0.000010 0.001693 0.108380 0.000010
0.000010 0.000010 0.000010 0.000010 0.809953 0.000010 0.002560 0.162377 0.025060
0.000010 0.000010 0.000010 0.000010 0.854870 0.000010 0.004440 0.116250 0.024391
0.000010 0.024737 0.000010 0.000010 0.972007 0.000010 0.001004 0.002202 0.000010
0.000010 0.003145 0.000010 0.000010 0.976601 0.000010 0.020195 0.000010 0.000010
0.000010 0.024473 0.000014 0.000010 0.966045 0.000010 0.009418 0.000010 0.000010
0.000010 0.014061 0.000010 0.000010 0.917609 0.000010 0.000010 0.068269 0.000010
0.000010 0.027546 0.000010 0.000010 0.883518 0.000010 0.000010 0.088876 0.000010
0.000010 0.023806 0.001262 0.000010 0.855700 0.000010 0.002060 0.115548 0.001594
0.000010 0.021299 0.000010 0.000010 0.851590 0.000010 0.000010 0.127051 0.000010
0.000010 0.000010 0.009460 0.000010 0.838585 0.000010 0.026222 0.125682 0.000010
0.000010 0.003836 0.012230 0.000010 0.839242 0.000010 0.003980 0.140672 0.000010
0.000010 0.006757 0.014570 0.000010 0.834533 0.000010 0.012234 0.131866 0.000010
0.000010 0.000010 0.000010 0.000010 0.806709 0.000010 0.000010 0.174943 0.018288
0.000010 0.023586 0.000010 0.000010 0.868573 0.000010 0.002337 0.105454 0.000010
0.000010 0.015256 0.000010 0.000010 0.878966 0.000010 0.004702 0.101026 0.000010
0.000010 0.010180 0.000010 0.000010 0.793346 0.000010 0.000010 0.196414 0.000010
0.000010 0.013645 0.000010 0.000010 0.886724 0.000010 0.000010 0.099571 0.000010
0.000010 0.041837 0.012553 0.000010 0.839331 0.000010 0.000010 0.106230 0.000010
0.001343 0.010563 0.028739 0.000010 0.643772 0.000010 0.012513 0.303040 0.000010
0.000010 0.024565 0.000010 0.000010 0.910534 0.000010 0.003477 0.061375 0.000010
0.000010 0.016216 0.000010 0.000010 0.917212 0.000010 0.000010 0.065149 0.001373
0.000010 0.010493 0.000010 0.000010 0.638696 0.000010 0.000010 0.339015 0.011746
0.000010 0.026263 0.000010 0.000010 0.913587 0.000010 0.008118 0.049391 0.002601
0.000010 0.000010 0.000010 0.000010 0.803487 0.000010 0.017619 0.167763 0.011081
0.000010 0.017199 0.007356 0.000010 0.906444 0.000010 0.000010 0.063597 0.005365
0.000010 0.000010 0.026456 0.000010 0.632351 0.000010 0.008456 0.332506 0.000190
0.000010 0.000499 0.000010 0.000010 0.938844 0.000010 0.000010 0.031092 0.029515
0.000010 0.020004 0.000018 0.000010 0.881222 0.000010 0.000010 0.098706 0.000010
0.000010 0.013051 0.000010 0.000010 0.805703 0.000010 0.011202 0.169993 0.000010
0.000010 0.029209 0.000010 0.000010 0.889176 0.000010 0.000010 0.081555 0.000010
0.000010 0.000010 0.026187 0.000010 0.833036 0.000010 0.010272 0.130455 0.000010
0.000010 0.033333 0.000010 0.000010 0.966597 0.000010 0.000010 0.000010 0.000010
0.000010 0.008513 0.000010 0.000010 0.828646 0.000010 0.011538 0.151252 0.000010
0.000010 0.031974 0.000010 0.000010 0.967956 0.000010 0.000010 0.000010 0.000010
0.000010 0.033231 0.014762 0.000010 0.858954 0.000010 0.000010 0.084951 0.008062
0.000010 0.000010 0.000010 0.000010 0.843659 0.000010 0.000010 0.126416 0.029865
0.000010 0.019493 0.000010 0.000010 0.980358 0.000010 0.000089 0.000010 0.000010
0.000010 0.003885 0.022761 0.000010 0.882335 0.000010 0.000010 0.073886 0.017094
0.000010 0.011550 0.000010 0.000010 0.849700 0.000010 0.000010 0.110058 0.028642
0.000010 0.000010 0.000010 0.000010 0.971420 0.000010 0.011231 0.000010 0.017290
0.000010 0.006176 0.000010 0.000010 0.933933 0.000010 0.000010 0.045203 0.014637
0.000010 0.000010 0.018379 0.000010 0.863647 0.000010 0.000010 0.101347 0.016576
0.000010 0.020622 0.000010 0.000010 0.898836 0.000010 0.000010 0.078022 0.002470
0.000010 0.000010 0.000010 0.000010 0.947930 0.000010 0.002697 0.049313 0.000010
0.000010 0.000010 0.000010 0.000010 0.810014 0.000010 0.000010 0.189916 0.000010
0.000010 0.014226 0.000010 0.000010 0.951643 0.000010 0.014588 0.018521 0.000982
0.000010 0.024154 0.015161 0.000010 0.874599 0.000010 0.007612 0.078434 0.000010
0.000010 0.000010 0.000010 0.000010 0.737796 0.000010 0.000010 0.256401 0.005743
0.000010 0.000010 0.000010 0.000010 0.910687 0.000010 0.000010 0.089243 0.000010
0.000010 0.024530 0.000010 0.000010 0.975400 0.000010 0.000010 0.000010 0.000010
0.000010 0.018599 0.000010 0.000010 0.980174 0.000010 0.001167 0.000010 0.000010
0.000010 0.014502 0.000010 0.000010 0.854831 0.000010 0.014938 0.115680 0.000010
0.000010 0.374628 0.000010 0.000010 0.000010 0.000010 0.007567 0.000010 0.617745
0.000010 0.398358 0.000010 0.000010 0.000010 0.000010 0.005266 0.000010 0.596316
0.000010 0.386474 0.000010 0.000010 0.000010 0.000010 0.000010 0.000010 0.613456
0.000010 0.392159 0.000010 0.000010 0.000010 0.000010 0.000010 0.000010 0.607771
0.000010 0.447045 0.000010 0.000010 0.000010 0.000010 0.000010 0.000010 0.552885
0.000010 0.457223 0.000010 0.000010 0.000010 0.000010 0.000010 0.000010 0.542707
0.000010 0.391777 0.000010 0.000010 0.000010 0.000010 0.000010 0.000010 0.608153
0.000010 0.453210 0.000010 0.000010 0.000010 0.000010 0.003629 0.000010 0.543101
0.000010 0.422297 0.000010 0.000010 0.000010 0.000010 0.000010 0.000010 0.577633
0.000010 0.381050 0.000010 0.000010 0.000010 0.000010 0.000010 0.000010 0.618880
0.000010 0.399164 0.000010 0.000010 0.000010 0.000010 0.000010 0.000010 0.600766
0.000010 0.367180 0.000068 0.000010 0.000010 0.000010 0.010259 0.000010 0.622444
0.000010 0.409436 0.000010 0.000010 0.000010 0.000010 0.000010 0.000010 0.590494
0.000010 0.412955 0.000010 0.000010 0.000940 0.000010 0.000010 0.000010 0.586045
0.000010 0.416147 0.000010 0.000010 0.000010 0.000010 0.000010 0.000010 0.583783
0.000010 0.415271 0.000010 0.000010 0.000010 0.000010 0.000010 0.000010 0.584659
0.000010 0.476062 0.000010 0.000010 0.000010 0.000010 0.001527 0.000010 0.522351
0.000010 0.416644 0.000010 0.000010 0.000010 0.000010 0.000010 0.000010 0.583286
0.000010 0.425195 0.000010 0.000010 0.000010 0.000010 0.000011 0.000010 0.574734
0.000010 0.405109 0.000010 0.000010 0.000508 0.000010 0.000010 0.000010 0.594323
0.000010 0.383955 0.000010 0.000010 0.000010 0.000010 0.000010 0.000010 0.615975
0.000010 0.410430 0.000010 0.000010 0.000010 0.000010 0.000010 0.000010 0.589500
0.000010 0.424125 0.000010 0.000010 0.000010 0.000010 0.009671 0.000010 0.566144
0.000010 0.437173 0.000010 0.000010 0.000010 0.000010 0.000010 0.000010 0.562757
0.000010 0.378440 0.000010 0.000010 0.000010 0.000010 0.000010 0.000010 0.621490
0.000010 0.443602 0.000010 0.000010 0.000010 0.000010 0.000010 0.000010 0.556328
0.000010 0.411111 0.000010 0.000010 0.000010 0.000010 0.000010 0.000010 0.588819
0.000010 0.467280 0.000010 0.000010 0.000010 0.000010 0.000015 0.000010 0.532645
0.000010 0.405416 0.000010 0.000010 0.000010 0.000010 0.000010 0.000010 0.594514
0.000010 0.377930 0.000010 0.000010 0.000010 0.000010 0.005635 0.000010 0.616375
0.000010 0.437197 0.000010 0.000010 0.000010 0.000010 0.009847 0.000010 0.552896
0.000010 0.399983 0.000010 0.003563 0.000010 0.000010 0.000010 0.000010 0.596394
0.000010 0.418616 0.000010 0.000010 0.000010 0.000010 0.005839 0.000010 0.575486
0.000010 0.485315 0.000010 0.000010 0.000010 0.000010 0.000010 0.000010 0.514615
0.000010 0.422803 0.000010 0.000010 0.000010 0.000010 0.000010 0.000010 0.577127
0.000010 0.390997 0.000010 0.000010 0.000010 0.000010 0.000010 0.000010 0.608933
0.000010 0.429764 0.000010 0.000010 0.000010 0.000010 0.001705 0.000010 0.568471
0.000010 0.489256 0.000013 0.000010 0.000010 0.000010 0.000010 0.000010 0.510671
0.000010 0.379055 0.000010 0.000010 0.000010 0.000010 0.000010 0.000010 0.620875
0.000010 0.429773 0.000010 0.000010 0.000010 0.000010 0.000010 0.000010 0.570157
0.000010 0.440277 0.000010 0.000010 0.000010 0.000010 0.000010 0.000010 0.559653
0.000010 0.392767 0.000010 0.000010 0.000010 0.000010 0.006325 0.000010 0.600849
0.049747 0.014389 0.000010 0.000010 0.037745 0.028800 0.164828 0.704461 0.000010
0.033953 0.012887 0.020579 0.111843 0.000010 0.019712 0.207160 0.593847 0.000010
0.000010 0.037341 0.017439 0.002196 0.045743 0.072872 0.133792 0.690596 0.000010
0.000010 0.429855 0.000010 0.000010 0.000010 0.000010 0.006052 0.000010 0.564033
0.000010 0.426799 0.000010 0.000010 0.000010 0.000010 0.000010 0.000010 0.573131
0.000010 0.516333 0.000010 0.000010 0.000010 0.000010 0.000010 0.000010 0.483597
0.000010 0.433457 0.000010 0.000010 0.000010 0.000010 0.000010 0.000010 0.566473
0.000010 0.431236 0.000010 0.000010 0.000010 0.000010 0.000010 0.000010 0.568694
0.000010 0.389947 0.000010 0.000010 0.000010 0.000010 0.000010 0.000010 0.609983
0.000010 0.464875 0.000010 0.000010 0.000010 0.000010 0.000010 0.000010 0.535055
0.000010 0.457732 0.000010 0.000010 0.000010 0.000010 0.000010 0.000010 0.542198
0.000010 0.327663 0.000010 0.000010 0.000010 0.000010 0.006553 0.000010 0.665724
0.000010 0.472409 0.000010 0.000010 0.000010 0.000010 0.000010 0.000010 0.527521
0.000010 0.476678 0.000010 0.000010 0.000010 0.000010 0.000010 0.000010 0.523252
0.000010 0.395433 0.002286 0.000010 0.000010 0.000010 0.000010 0.000010 0.602221
0.000010 0.671999 0.000010 0.000010 0.019849 0.000010 0.006384 0.000010 0.301717
0.000010 0.419575 0.000010 0.000010 0.000010 0.000010 0.000010 0.000010 0.580355
0.000010 0.461782 0.000010 0.000010 0.000010 0.000010 0.000010 0.000010 0.538148
0.000010 0.448032 0.000010 0.000010 0.000010 0.000010 0.000010 0.000010 0.551898
0.000010 0.402773 0.000010 0.000010 0.000010 0.000010 0.000010 0.000010 0.597157
0.000010 0.521351 0.000010 0.000010 0.000010 0.000010 0.000010 0.000010 0.478579
0.000010 0.452178 0.000010 0.000010 0.000010 0.000010 0.000010 0.000010 0.547752
0.000010 0.402971 0.000010 0.000010 0.000010 0.000010 0.000010 0.000010 0.596959
0.000010 0.480060 0.000010 0.000010 0.000010 0.000010 0.000010 0.000010 0.519870
0.000010 0.456260 0.000010 0.000010 0.000010 0.000010 0.001899 0.000010 0.541781
0.000010 0.413318 0.000010 0.000010 0.000010 0.000010 0.000010 0.000010 0.586612
0.000010 0.469899 0.000010 0.000010 0.000010 0.000010 0.000010 0.000010 0.530031
0.000010 0.421407 0.000010 0.000010 0.000010 0.000010 0.004818 0.001743 0.571982
0.000010 0.455586 0.000010 0.000010 0.000010 0.000010 0.000010 0.000010 0.544344
0.000010 0.454110 0.000010 0.000010 0.000010 0.000010 0.000010 0.000010 0.545820
0.000010 0.453026 0.000010 0.000010 0.000010 0.000010 0.000010 0.000010 0.546904
0.000010 0.355913 0.003609 0.000010 0.009277 0.000010 0.000010 0.000010 0.631151
0.000010 0.436265 0.000010 0.000010 0.000010 0.000010 0.000010 0.000010 0.563665
0.000010 0.462759 0.000010 0.000010 0.000010 0.000010 0.000010 0.000010 0.537171
0.000010 0.415678 0.000010 0.000010 0.000010 0.000010 0.000010 0.000010 0.584252
0.000010 0.433237 0.000010 0.000010 0.000010 0.000010 0.000010 0.000010 0.566693
0.000010 0.434753 0.000010 0.000010 0.000010 0.000010 0.000010 0.000010 0.565177
0.000010 0.460023 0.000010 0.000010 0.000010 0.000010 0.000010 0.000010 0.539907
0.063905 0.000010 0.017256 0.035938 0.010257 0.042199 0.155159 0.653503 0.021773
0.078092 0.004464 0.022751 0.056435 0.002383 0.024509 0.152496 0.658861 0.000010
0.049975 0.000010 0.030237 0.000010 0.000010 0.022241 0.104853 0.792654 0.000010
0.045869 0.020101 0.013593 0.000010 0.001715 0.025730 0.191360 0.701612 0.000010
0.000010 0.270424 0.000010 0.000010 0.000010 0.000010 0.000010 0.000010 0.729506
0.000010 0.297239 0.000010 0.000010 0.000010 0.000010 0.000010 0.000010 0.702691
0.000010 0.317133 0.000010 0.000010 0.000010 0.000010 0.000010 0.000010 0.682797
0.000010 0.325577 0.000010 0.000010 0.000010 0.000010 0.000010 0.000010 0.674353
0.000010 0.284527 0.000010 0.000010 0.000010 0.000010 0.000010 0.000010 0.715403
0.000010 0.311925 0.000010 0.000010 0.000010 0.000010 0.000010 0.000010 0.688005
0.000010 0.323648 0.000010 0.000010 0.000010 0.000010 0.000010 0.000010 0.676282
0.000010 0.275384 0.000010 0.000010 0.000010 0.000010 0.000010 0.000010 0.724546
0.000010 0.345117 0.000010 0.000010 0.000010 0.000010 0.000010 0.000010 0.654813
0.000010 0.298316 0.000010 0.000010 0.000010 0.000010 0.002966 0.000010 0.698658
0.000010 0.267864 0.000010 0.000010 0.000010 0.000010 0.000010 0.000010 0.732066
0.000010 0.320394 0.000010 0.000010 0.000010 0.000010 0.000010 0.000010 0.679536
0.000010 0.301421 0.000010 0.000010 0.000010 0.000010 0.000010 0.000010 0.698509
0.000010 0.304430 0.000010 0.000010 0.000010 0.000010 0.005965 0.000010 0.689545
0.000010 0.319394 0.000010 0.000010 0.000010 0.000010 0.000010 0.000010 0.680536
0.000010 0.310981 0.000010 0.000010 0.000010 0.000010 0.000010 0.000010 0.688949
0.000010 0.294082 0.000010 0.000010 0.000010 0.000010 0.000010 0.000010 0.705848
0.000010 0.385354 0.000010 0.000010 0.000010 0.000010 0.000010 0.000010 0.614576
0.000010 0.345212 0.000010 0.000010 0.000010 0.000010 0.000010 0.000010 0.654718
0.000010 0.308943 0.000010 0.000015 0.000010 0.000010 0.004168 0.000010 0.686824
0.000010 0.321681 0.000010 0.000010 0.000010 0.000010 0.012892 0.000010 0.665366
0.000010 0.337693 0.000010 0.000010 0.000010 0.000010 0.000010 0.000010 0.662237
0.000010 0.265733 0.000010 0.000010 0.004897 0.000010 0.003965 0.000010 0.725355
0.000010 0.267885 0.000010 0.000010 0.000010 0.000010 0.002368 0.000010 0.729688
0.000010 0.293566 0.000010 0.000010 0.000010 0.000010 0.000010 0.000010 0.706364
0.000010 0.305267 0.000010 0.000010 0.000010 0.000010 0.000010 0.000010 0.694663
0.000010 0.247923 0.000010 0.000010 0.000010 0.000010 0.000010 0.000010 0.752007
0.000010 0.297169 0.000010 0.000010 0.000010 0.000010 0.000010 0.000010 0.702761
0.000010 0.000010 0.002956 0.000010 0.069353 0.015093 0.089791 0.788904 0.033872
0.000010 0.019164 0.000010 0.000010 0.023729 0.054509 0.136564 0.752661 0.013342
0.006555 0.000010 0.000010 0.081583 0.060033 0.034539 0.209672 0.604327 0.003271
0.023753 0.011577 0.000010 0.000010 0.092147 0.033166 0.135237 0.704090 0.000010
0.019084 0.005800 0.000010 0.000010 0.081096 0.063635 0.116736 0.713619 0.000010
0.000010 0.004274 0.000010 0.055577 0.179944 0.000010 0.066326 0.693840 0.000010
0.041362 0.003241 0.000010 0.000010 0.000010 0.090560 0.161449 0.703348 0.000010
0.044854 0.000010 0.000010 0.029199 0.053606 0.000010 0.057943 0.814358 0.000010
0.070816 0.000010 0.000010 0.006443 0.002393 0.004105 0.229689 0.670122 0.016411
0.000010 0.008516 0.000010 0.000010 0.000010 0.000010 0.002012 0.000010 0.989413
0.000010 0.000010 0.000010 0.000010 0.000010 0.000010 0.000010 0.000010 0.999920
0.000010 0.000010 0.000015 0.000010 0.000010 0.000010 0.000010 0.000010 0.999915
0.000010 0.000010 0.000010 0.000010 0.000010 0.000010 0.006098 0.000010 0.993832
0.000010 0.073049 0.016554 0.000010 0.000010 0.000010 0.000010 0.000010 0.910337
0.000010 0.072438 0.000010 0.000010 0.000010 0.000010 0.000010 0.000010 0.927492
0.000010 0.015944 0.000010 0.000010 0.000010 0.000010 0.005004 0.000010 0.978991
0.000010 0.000010 0.000010 0.000010 0.000010 0.000010 0.012433 0.000010 0.987497
0.000010 0.086371 0.000010 0.000010 0.000010 0.000010 0.004824 0.000010 0.908744
0.000010 0.064145 0.014965 0.000010 0.000010 0.000010 0.008950 0.000010 0.911890
0.000010 0.041600 0.000010 0.000010 0.000010 0.000010 0.000010 0.000010 0.958330
0.000010 0.000010 0.000010 0.000010 0.000010 0.000010 0.005211 0.000010 0.994719
0.000010 0.000010 0.000010 0.000010 0.000010 0.000010 0.000010 0.000010 0.999920
0.000010 0.014811 0.000010 0.000010 0.000010 0.000010 0.000010 0.000010 0.985119
0.000010 0.030770 0.000010 0.000010 0.000010 0.000010 0.000010 0.000010 0.969160
0.009928 0.000010 0.000010 0.009954 0.060952 0.070599 0.102025 0.734067 0.012455
0.009484 0.004601 0.037781 0.076662 0.076049 0.025514 0.131636 0.638263 0.000010
0.043631 0.000010 0.000010 0.107123 0.027723 0.079299 0.141823 0.581436 0.018944
0.129488 0.020093 0.003134 0.020849 0.008973 0.073476 0.187373 0.556605 0.000010
0.086135 0.001473 0.013614 0.135933 0.048753 0.010672 0.190082 0.513329 0.000010
0.048722 0.008039 0.016003 0.025496 0.000010 0.000010 0.174999 0.723167 0.003555
0.063547 0.000010 0.016084 0.043998 0.025121 0.012582 0.104854 0.733793 0.000010
0.081589 0.002669 0.001653 0.044303 0.083571 0.009447 0.145115 0.626829 0.004825
0.037615 0.029711 0.015443 0.017396 0.021536 0.025875 0.105365 0.747049 0.000010
0.045486 0.035316 0.000010 0.016413 0.000010 0.000010 0.133017 0.769728 0.000010
0.093162 0.000010 0.000010 0.154811 0.000010 0.093434 0.149868 0.495083 0.013613
0.054433 0.021669 0.002595 0.058656 0.047171 0.058155 0.111966 0.641520 0.003835
0.041227 0.008669 0.017064 0.000010 0.035937 0.031874 0.150609 0.714601 0.000010
0.000010 0.015305 0.000018 0.029127 0.000010 0.054978 0.149107 0.751434 0.000010
0.028057 0.000010 0.015600 0.026978 0.000010 0.029732 0.184981 0.707901 0.006731
0.028821 0.013580 0.010823 0.000010 0.079386 0.029462 0.148616 0.689293 0.000010
0.046284 0.000010 0.000010 0.000010 0.016984 0.046150 0.156995 0.733546 0.000010
0.000010 0.000010 0.000010 0.030658 0.057257 0.053040 0.143965 0.714798 0.000251
0.062418 0.014595 0.007175 0.000010 0.048896 0.033692 0.067338 0.756391 0.009486
0.125984 0.013498 0.000010 0.000010 0.012455 0.075115 0.187621 0.585298 0.000010
0.000010 0.000010 0.029232 0.073930 0.015219 0.110224 0.154068 0.605123 0.012185
0.001390 0.000010 0.000010 0.085627 0.000296 0.000010 0.231045 0.681602 0.000010
0.090346 0.000010 0.000010 0.124879 0.044279 0.000010 0.149635 0.586898 0.003934
0.064472 0.023840 0.000010 0.033731 0.015601 0.000010 0.178279 0.684048 0.000010
0.034150 0.000010 0.012835 0.056040 0.035746 0.016917 0.125796 0.693876 0.024630
0.010238 0.000010 0.009113 0.097221 0.011210 0.031070 0.213933 0.627195 0.000010
0.041013 0.014266 0.000010 0.054661 0.056659 0.098147 0.148822 0.586412 0.000010
0.000010 0.009608 0.000010 0.090257 0.022204 0.058033 0.140577 0.679291 0.000010
0.117402 0.003742 0.003417 0.108671 0.030553 0.000010 0.162112 0.574083 0.000010
0.069986 0.016440 0.016343 0.013802 0.006360 0.045120 0.146269 0.676929 0.008751
0.018449 0.000010 0.005134 0.070552 0.033205 0.007871 0.137466 0.720086 0.007226
0.080306 0.025766 0.000010 0.000010 0.041565 0.000010 0.149437 0.695001 0.007896
0.069724 0.009076 0.000010 0.000010 0.038239 0.027132 0.155231 0.700569 0.000010
0.054664 0.000010 0.000010 0.033435 0.000010 0.056502 0.189711 0.665648 0.000010
0.030486 0.004486 0.014213 0.060958 0.078992 0.075487 0.130576 0.604792 0.000010
0.039991 0.003991 0.007100 0.022633 0.015318 0.042606 0.152855 0.715496 0.000010
0.045077 0.000010 0.007827 0.025958 0.071714 0.002264 0.092976 0.754164 0.000010
0.103250 0.000010 0.000010 0.045335 0.035892 0.079073 0.100110 0.621140 0.015180
0.114721 0.000010 0.000010 0.000010 0.087205 0.029968 0.161089 0.598591 0.008396
0.100076 0.000010 0.000016 0.000010 0.067735 0.031715 0.142529 0.644995 0.012914
0.000010 0.006482 0.001957 0.000010 0.078261 0.028101 0.071014 0.814154 0.000010
0.000010 0.000010 0.000010 0.000010 0.042094 0.003286 0.296526 0.639747 0.018307
0.000010 0.003669 0.002453 0.010882 0.050373 0.026037 0.129056 0.777510 0.000010
0.000010 0.000010 0.017990 0.003012 0.089433 0.035170 0.303827 0.550537 0.000010
0.050021 0.000010 0.007323 0.018780 0.059363 0.006946 0.252662 0.604886 0.000010
0.104504 0.000010 0.000010 0.000010 0.072625 0.046673 0.289054 0.459236 0.027878
0.000010 0.000038 0.021956 0.015836 0.073916 0.071614 0.275757 0.534253 0.006621
0.000010 0.000010 0.009187 0.022404 0.037109 0.037235 0.275802 0.618234 0.000010
0.000010 0.028405 0.000010 0.017307 0.006271 0.049493 0.238847 0.659645 0.000010
0.019325 0.016787 0.000010 0.000010 0.021099 0.000010 0.169803 0.772947 0.000010
0.059557 0.012558 0.000010 0.036724 0.007354 0.028405 0.216297 0.634682 0.004413
0.037382 0.000010 0.000010 0.060146 0.034575 0.000010 0.283432 0.570679 0.013756
0.016517 0.008123 0.000010 0.000010 0.000010 0.000136 0.326549 0.632349 0.016296
0.048164 0.007132 0.008413 0.059741 0.010296 0.065605 0.306215 0.494423 0.000010
0.010305 0.014094 0.027453 0.014238 0.000146 0.010117 0.277545 0.646093 0.000010
0.051126 0.000010 0.010466 0.092216 0.000010 0.031180 0.369474 0.418678 0.026839
0.032500 0.000010 0.009072 0.019089 0.056944 0.000010 0.268977 0.613387 0.000010
0.037186 0.000010 0.000010 0.000010 0.000010 0.072230 0.441414 0.412672 0.036458
0.084549 0.000010 0.000010 0.047778 0.069416 0.043130 0.163954 0.576264 0.014889
0.018270 0.014201 0.000010 0.000010 0.004956 0.087715 0.177690 0.697137 0.000010
0.057155 0.001330 0.003176 0.000010 0.000010 0.055804 0.122257 0.757305 0.002954
0.111967 0.003272 0.000010 0.117815 0.104158 0.009848 0.146168 0.506752 0.000010
0.022414 0.000010 0.052520 0.000010 0.000010 0.000010 0.072009 0.853007 0.000010
0.035774 0.010436 0.000010 0.096964 0.080650 0.000010 0.160519 0.615628 0.000010
0.000010 0.014690 0.017286 0.119825 0.044507 0.071127 0.146163 0.586382 0.000010
0.000010 0.011398 0.008377 0.069479 0.098377 0.000010 0.050415 0.761924 0.000010
0.056860 0.020006 0.000010 0.000010 0.023278 0.000010 0.132310 0.761092 0.006422
0.035538 0.006586 0.000010 0.000010 0.032277 0.059229 0.183399 0.668053 0.014899
0.035694 0.026433 0.012124 0.043645 0.000010 0.000019 0.191719 0.690345 0.000010
0.116572 0.000010 0.018431 0.000010 0.016499 0.038326 0.155182 0.623593 0.031376
0.062973 0.015484 0.002661 0.043226 0.005305 0.027650 0.170980 0.671711 0.000010
0.102009 0.013542 0.000010 0.096001 0.013578 0.007245 0.232222 0.526482 0.008910
0.100988 0.016173 0.020388 0.106985 0.000010 0.016654 0.206341 0.532450 0.000010
0.061613 0.000010 0.000010 0.104273 0.026093 0.000010 0.225478 0.582503 0.000010
0.037872 0.000010 0.010418 0.060909 0.007165 0.000010 0.216604 0.667002 0.000010
0.048675 0.000010 0.000010 0.009354 0.023524 0.013659 0.168149 0.736609 0.000010
0.068635 0.004756 0.000010 0.070905 0.034856 0.042681 0.156541 0.610403 0.011212
0.003638 0.020958 0.006108 0.034361 0.000014 0.000010 0.110118 0.824783 0.000010
0.050270 0.035878 0.020263 0.053826 0.020029 0.000010 0.116881 0.702833 0.000010
0.073283 0.006934 0.003609 0.000010 0.034865 0.051740 0.126974 0.695880 0.006705
0.042006 0.025116 0.000010 0.085806 0.030586 0.063766 0.177542 0.575158 0.000010
0.009379 0.000010 0.033037 0.096699 0.000010 0.000010 0.125599 0.731316 0.003940
0.076695 0.009436 0.016741 0.004528 0.077641 0.000575 0.314404 0.499970 0.000010
0.008058 0.008599 0.000010 0.004886 0.013687 0.014697 0.262951 0.680618 0.006493
0.035768 0.021718 0.015173 0.000010 0.000010 0.009882 0.272571 0.640006 0.004862
0.059285 0.015431 0.000010 0.063578 0.000010 0.056023 0.287390 0.513049 0.005224
0.000010 0.009273 0.017520 0.000010 0.030774 0.005777 0.166070 0.762270 0.008295
0.018644 0.000415 0.039769 0.000010 0.029172 0.000010 0.295559 0.609563 0.006857
0.000010 0.006817 0.000010 0.021835 0.080388 0.000010 0.130692 0.743563 0.016676
0.013730 0.007197 0.003893 0.045045 0.000010 0.091571 0.321626 0.516917 0.000010
0.014280 0.016542 0.000010 0.013908 0.000010 0.046094 0.277578 0.629646 0.001932
0.003542 0.012689 0.000010 0.068357 0.005499 0.000010 0.277076 0.632807 0.000010
0.026675 0.000010 0.001320 0.088940 0.021523 0.073964 0.302013 0.475602 0.009953
0.000010 0.011968 0.010307 0.000718 0.000010 0.000010 0.363482 0.600717 0.012779
0.003681 0.000010 0.010468 0.000010 0.019945 0.018806 0.285767 0.661303 0.000010
0.004425 0.000010 0.027294 0.002011 0.064585 0.015776 0.246044 0.620625 0.019230
0.031402 0.000010 0.000010 0.011513 0.000010 0.029952 0.237019 0.660774 0.029310
0.025089 0.024000 0.018363 0.156271 0.000010 0.056495 0.137381 0.582381 0.000010
0.069379 0.010488 0.006023 0.020019 0.000010 0.053363 0.208999 0.631710 0.000010
0.048732 0.000010 0.021855 0.025800 0.016801 0.057239 0.172664 0.629905 0.026993
0.005795 0.045552 0.000073 0.059929 0.016664 0.091476 0.162276 0.618226 0.000010
0.100941 0.000010 0.000010 0.081775 0.026045 0.059724 0.151168 0.563665 0.016661
0.000010 0.016244 0.016179 0.059512 0.043527 0.030743 0.102323 0.731452 0.000010
0.049973 0.000010 0.000010 0.066987 0.049952 0.000010 0.148717 0.684331 0.000010
0.000010 0.000010 0.000010 0.105092 0.034565 0.001147 0.174512 0.663516 0.021138
0.039413 0.004574 0.016989 0.098028 0.072790 0.000010 0.101375 0.666811 0.000010
0.033605 0.002169 0.000010 0.044075 0.000010 0.022248 0.213989 0.677580 0.006313
0.000010 0.000010 0.000010 0.000014 0.355932 0.000010 0.013098 0.630905 0.000010
0.012862 0.012939 0.000010 0.000010 0.044588 0.000010 0.592429 0.333973 0.003178
0.094322 0.011518 0.000010 0.187403 0.045307 0.089241 0.221941 0.344541 0.005716
0.031583 0.005624 0.006813 0.000010 0.065507 0.000010 0.405203 0.485241 0.000010
0.023181 0.000010 0.025109 0.000010 0.024696 0.023535 0.232769 0.653647 0.017043
0.019004 0.028502 0.013027 0.003824 0.018854 0.019816 0.397801 0.499161 0.000010
0.048164 0.002118 0.016225 0.025843 0.036315 0.000010 0.411505 0.459810 0.000010
0.000010 0.002626 0.010337 0.000010 0.031178 0.012778 0.263069 0.660693 0.019300
0.000010 0.004275 0.014485 0.005784 0.020065 0.031018 0.199321 0.725033 0.000010
0.003384 0.000010 0.000010 0.000010 0.028241 0.021022 0.164068 0.746635 0.036619
0.004505 0.000010 0.013090 0.049965 0.002209 0.000010 0.337449 0.592753 0.000010
0.012334 0.000010 0.000010 0.000440 0.071521 0.000010 0.288654 0.596345 0.030676
0.049766 0.011629 0.010580 0.000010 0.071307 0.000010 0.239808 0.616880 0.000010
0.000010 0.000010 0.006309 0.000010 0.025327 0.069425 0.226221 0.657128 0.015561
0.061134 0.021248 0.007697 0.049857 0.009689 0.047904 0.219943 0.582518 0.000010
0.075408 0.000010 0.031346 0.101926 0.030655 0.000010 0.326604 0.414991 0.019050
0.000010 0.000010 0.033318 0.093638 0.053576 0.034360 0.273049 0.496553 0.015486
0.037887 0.010063 0.000010 0.070340 0.070795 0.013986 0.278990 0.517918 0.000010
0.031592 0.021226 0.000010 0.076838 0.000010 0.022094 0.528690 0.319530 0.000010
0.000010 0.000010 0.000010 0.000010 0.000010 0.032560 0.337809 0.608995 0.020585
0.000010 0.009404 0.002288 0.002720 0.018502 0.000010 0.271189 0.691403 0.004474
0.038287 0.000010 0.000010 0.050165 0.000010 0.053873 0.318411 0.530846 0.008388
0.101088 0.009269 0.033927 0.004177 0.034374 0.000010 0.320232 0.496913 0.000010
0.015714 0.000010 0.006667 0.000010 0.000010 0.013384 0.404505 0.550021 0.009680
0.024177 0.000010 0.000010 0.010388 0.053495 0.000010 0.245976 0.665925 0.000010
0.000133 0.018849 0.000010 0.020707 0.000010 0.029445 0.243386 0.687450 0.000010
0.033390 0.000010 0.041332 0.000010 0.049949 0.019822 0.136767 0.713962 0.004759
0.052321 0.018802 0.000010 0.226990 0.004496 0.014475 0.306517 0.376379 0.000010
0.074180 0.012785 0.000010 0.049041 0.037848 0.052380 0.167349 0.606396 0.000010
0.092638 0.000010 0.000010 0.080476 0.022533 0.017441 0.153440 0.608897 0.024556
0.024041 0.000010 0.005541 0.000010 0.000010 0.051382 0.142109 0.776887 0.000010
0.102376 0.006106 0.035811 0.036295 0.000010 0.023407 0.216010 0.579974 0.000010
0.115763 0.000010 0.000549 0.039690 0.000010 0.049320 0.153351 0.625857 0.015451
0.095607 0.012682 0.017376 0.051629 0.051101 0.000010 0.210937 0.560648 0.000010
0.039430 0.007427 0.000010 0.074073 0.057268 0.079710 0.179678 0.562392 0.000010
0.000010 0.000010 0.000010 0.094826 0.025023 0.004580 0.119464 0.741497 0.014580
0.000010 0.007716 0.002680 0.002833 0.000010 0.074094 0.226823 0.685824 0.000010
0.044501 0.000010 0.032309 0.037666 0.031221 0.038554 0.198570 0.615278 0.001892
0.075276 0.000010 0.032333 0.019726 0.116442 0.032364 0.168188 0.544772 0.010890
0.053906 0.018119 0.008524 0.072468 0.056820 0.000010 0.272913 0.517231 0.000010
0.000010 0.000010 0.000537 0.022459 0.016792 0.000010 0.240056 0.700603 0.019523
0.050931 0.000010 0.008226 0.000010 0.108989 0.004175 0.531139 0.282952 0.013568
0.000010 0.004729 0.000010 0.000010 0.059809 0.014517 0.141184 0.767052 0.012679
0.040411 0.025094 0.000010 0.133077 0.111280 0.021776 0.220069 0.448271 0.000010
0.018749 0.008277 0.011517 0.000010 0.024665 0.000791 0.403294 0.511115 0.021582
0.016443 0.016606 0.000010 0.006246 0.000010 0.019663 0.543293 0.397720 0.000010
0.046005 0.038033 0.001629 0.000281 0.000010 0.036441 0.284490 0.593101 0.000010
0.038631 0.036115 0.004202 0.000010 0.054920 0.022556 0.231119 0.612436 0.000010
0.016829 0.018840 0.000010 0.000015 0.032428 0.021816 0.396250 0.513802 0.000010
0.022531 0.015347 0.010122 0.027496 0.025677 0.000010 0.408133 0.490674 0.000010
0.034705 0.000013 0.026816 0.000010 0.000010 0.005714 0.436522 0.489234 0.006975
0.039658 0.013580 0.011337 0.095009 0.000010 0.036679 0.410601 0.393117 0.000010
0.151309 0.012321 0.026708 0.093991 0.063234 0.049053 0.319103 0.283387 0.000893
0.098944 0.000010 0.000010 0.020167 0.000010 0.089753 0.312347 0.471393 0.007366
0.000010 0.000010 0.000010 0.020573 0.000010 0.000010 0.214554 0.764812 0.000010
0.005108 0.000010 0.002820 0.000010 0.000010 0.007669 0.198277 0.758566 0.027530
0.020213 0.018867 0.000010 0.000010 0.058406 0.000010 0.175649 0.726826 0.000010
0.000010 0.003203 0.004093 0.017103 0.017229 0.000010 0.158309 0.800034 0.000010
0.183502 0.000010 0.013129 0.123232 0.011536 0.042225 0.283030 0.334027 0.009311
0.026550 0.000010 0.000010 0.011120 0.000010 0.000010 0.343043 0.601609 0.017638
0.033079 0.011076 0.024908 0.101626 0.069250 0.030905 0.139006 0.590140 0.000010
0.000010 0.024164 0.000896 0.000010 0.000010 0.014190 0.135608 0.825102 0.000010
0.013031 0.000010 0.035597 0.000010 0.000010 0.005226 0.180008 0.766097 0.000010
0.000010 0.000010 0.006582 0.014589 0.016127 0.010452 0.217919 0.708136 0.026175
0.005733 0.010364 0.000010 0.096549 0.024835 0.000010 0.419474 0.422418 0.020606
0.030942 0.000010 0.000010 0.064115 0.011247 0.020947 0.373719 0.485972 0.013037
