0.000010 0.000010 0.000010 0.000010 0.640809 0.000010 0.000010 0.359121 0.000010
0.000010 0.000010 0.000010 0.000010 0.633183 0.000010 0.000010 0.366747 0.000010
0.000010 0.000010 0.000010 0.000010 0.626979 0.000010 0.000010 0.372951 0.000010
0.000010 0.000010 0.000010 0.000010 0.675681 0.000010 0.000010 0.324249 0.000010
0.000010 0.000010 0.000010 0.000010 0.644380 0.000010 0.000010 0.355550 0.000010
0.000010 0.000010 0.000010 0.000010 0.602233 0.000010 0.000010 0.397697 0.000010
0.000010 0.000010 0.000010 0.000010 0.681725 0.000010 0.000010 0.318205 0.000010
0.000010 0.000010 0.000010 0.000010 0.663210 0.000010 0.000010 0.336720 0.000010
0.000010 0.000010 0.000010 0.000010 0.635834 0.000010 0.000010 0.364096 0.000010
0.000010 0.000010 0.000010 0.000010 0.633190 0.000010 0.000010 0.366740 0.000010
0.000010 0.000010 0.000010 0.000010 0.619359 0.000010 0.000010 0.380571 0.000010
0.000010 0.000010 0.000010 0.000010 0.666324 0.000010 0.000010 0.333606 0.000010
0.000010 0.000010 0.000010 0.000010 0.599966 0.000010 0.000010 0.399964 0.000010
0.000010 0.000010 0.000010 0.000010 0.616620 0.000010 0.000010 0.383310 0.000010
0.000010 0.000010 0.000010 0.000010 0.598333 0.000010 0.000010 0.401597 0.000010
0.000010 0.000010 0.000010 0.000010 0.639394 0.000010 0.000010 0.360536 0.000010
0.000010 0.000010 0.000010 0.000010 0.633946 0.000010 0.000010 0.365984 0.000010
0.000010 0.000010 0.000010 0.000010 0.625680 0.000010 0.000010 0.374250 0.000010
0.000010 0.000010 0.000010 0.000010 0.640474 0.000010 0.000010 0.359456 0.000010
0.000010 0.000010 0.000010 0.000010 0.614945 0.000010 0.000010 0.384985 0.000010
0.000010 0.000010 0.000010 0.000010 0.644583 0.000010 0.000010 0.355347 0.000010
0.000010 0.000010 0.000010 0.000010 0.620046 0.000010 0.000010 0.379884 0.000010
0.000010 0.000010 0.000010 0.000010 0.625045 0.000010 0.000010 0.374885 0.000010
0.000010 0.000010 0.000010 0.000010 0.585075 0.000010 0.000010 0.414855 0.000010
0.000010 0.000010 0.000010 0.000010 0.616771 0.000010 0.000010 0.383159 0.000010
0.000010 0.000010 0.000010 0.000010 0.603395 0.000010 0.000010 0.396535 0.000010
0.000010 0.000010 0.000010 0.000010 0.589634 0.000010 0.000011 0.410295 0.000010
0.000010 0.000010 0.000010 0.000010 0.686233 0.000010 0.000010 0.313697 0.000010
0.000010 0.000010 0.000010 0.000010 0.696018 0.000010 0.000010 0.303912 0.000010
0.000010 0.000010 0.000010 0.000010 0.665799 0.000010 0.000010 0.334131 0.000010
0.000010 0.000010 0.000010 0.000010 0.629815 0.000010 0.000010 0.370115 0.000010
0.000010 0.000010 0.000010 0.000010 0.710309 0.000010 0.000010 0.289621 0.000010
0.000010 0.000010 0.003195 0.000010 0.665108 0.000010 0.000010 0.331637 0.000010
0.000010 0.000010 0.000016 0.000010 0.677851 0.000010 0.000010 0.322073 0.000010
0.000010 0.000010 0.000010 0.000010 0.676882 0.000010 0.000010 0.323048 0.000010
0.000010 0.000010 0.000010 0.000010 0.618616 0.000010 0.000010 0.381314 0.000010
0.000010 0.000010 0.000010 0.000010 0.655396 0.000010 0.000010 0.344534 0.000010
0.000010 0.000010 0.000010 0.000010 0.677330 0.000010 0.000010 0.322600 0.000010
0.000010 0.000010 0.000010 0.000010 0.683203 0.000010 0.000010 0.316727 0.000010
0.000010 0.000010 0.000010 0.000010 0.669848 0.000010 0.000010 0.330082 0.000010
0.000010 0.000010 0.000010 0.000010 0.639269 0.000010 0.000010 0.360661 0.000010
0.000010 0.000010 0.000010 0.000010 0.663962 0.000010 0.000010 0.335968 0.000010
0.000010 0.000010 0.000010 0.000010 0.668172 0.000010 0.000010 0.331758 0.000010
0.000010 0.000010 0.000010 0.000010 0.688422 0.000010 0.000010 0.311508 0.000010
0.000010 0.000010 0.000010 0.000010 0.668457 0.000010 0.000010 0.331473 0.000010
0.000010 0.000010 0.000010 0.000010 0.644137 0.000010 0.000010 0.355793 0.000010
0.000010 0.000010 0.000010 0.000010 0.644996 0.000010 0.000010 0.354934 0.000010
0.000010 0.000010 0.000010 0.000010 0.655876 0.000010 0.000010 0.344054 0.000010
0.000010 0.000010 0.000010 0.000010 0.631863 0.000010 0.000010 0.368067 0.000010
0.000010 0.000010 0.000010 0.000010 0.663188 0.000010 0.000010 0.336742 0.000010
0.000010 0.000010 0.000010 0.000010 0.647775 0.000010 0.000010 0.352155 0.000010
0.000014 0.000010 0.000010 0.000010 0.663123 0.000010 0.000010 0.336803 0.000010
0.000010 0.000010 0.000010 0.000010 0.652048 0.000010 0.000010 0.347882 0.000010
0.000010 0.000010 0.000010 0.000010 0.668303 0.000010 0.000010 0.331627 0.000010
0.000010 0.000010 0.000010 0.000010 0.642041 0.000010 0.000010 0.357889 0.000010
0.000010 0.019472 0.000010 0.000010 0.000010 0.000010 0.000012 0.980456 0.000010
0.000010 0.000010 0.000010 0.000010 0.016400 0.000010 0.012266 0.971274 0.000010
0.000010 0.007797 0.000010 0.000010 0.196058 0.000010 0.001458 0.794637 0.000010
0.000010 0.013421 0.000010 0.000010 0.000010 0.000010 0.000010 0.986509 0.000010
0.000010 0.025794 0.001119 0.000010 0.000010 0.000010 0.004761 0.968276 0.000010
0.000010 0.014972 0.000010 0.000010 0.066235 0.000010 0.000010 0.918733 0.000010
0.000010 0.023539 0.000010 0.000010 0.039166 0.000010 0.000010 0.937235 0.000010
0.000010 0.014358 0.000010 0.000010 0.067816 0.000010 0.004113 0.913664 0.000010
0.000010 0.020901 0.023939 0.000010 0.305473 0.000010 0.002615 0.647032 0.000010
0.000010 0.020580 0.000010 0.000010 0.000010 0.000010 0.006033 0.973327 0.000010
0.000010 0.014929 0.000010 0.000010 0.000010 0.000010 0.000010 0.985001 0.000010
0.000010 0.014061 0.000010 0.000010 0.000010 0.000010 0.003299 0.982580 0.000010
0.000010 0.006395 0.000010 0.000010 0.000010 0.000010 0.008296 0.985248 0.000010
0.000010 0.015879 0.000010 0.000010 0.000010 0.000010 0.000010 0.984051 0.000010
0.000010 0.006384 0.000010 0.000010 0.061932 0.000010 0.000010 0.931624 0.000010
0.000010 0.006399 0.000010 0.000010 0.088219 0.000010 0.013380 0.891952 0.000010
0.000010 0.007858 0.004217 0.000010 0.177331 0.000010 0.000010 0.810544 0.000010
0.000010 0.000010 0.000010 0.000010 0.656042 0.000010 0.000010 0.343888 0.000010
0.000010 0.000010 0.000010 0.000010 0.680265 0.000010 0.000010 0.319665 0.000010
0.000010 0.000010 0.000010 0.000010 0.701703 0.000010 0.000010 0.298227 0.000010
0.000010 0.000010 0.000010 0.000010 0.645852 0.000010 0.000010 0.354078 0.000010
0.000010 0.000010 0.000010 0.000010 0.674084 0.000010 0.000010 0.325846 0.000010
0.000010 0.000010 0.000010 0.000010 0.678250 0.000010 0.000010 0.321680 0.000010
0.000010 0.000010 0.000010 0.000014 0.698967 0.000010 0.000010 0.300958 0.000010
0.000010 0.000010 0.000010 0.000010 0.670107 0.000010 0.000010 0.329823 0.000010
0.000010 0.000010 0.000010 0.000010 0.657598 0.000010 0.000010 0.342332 0.000010
0.000010 0.000010 0.000010 0.000010 0.674044 0.000010 0.000010 0.325886 0.000010
0.000010 0.000010 0.000010 0.000010 0.636148 0.000010 0.000010 0.363782 0.000010
0.000010 0.000010 0.000010 0.000010 0.675466 0.000010 0.000010 0.324464 0.000010
0.000010 0.000010 0.000010 0.000010 0.762833 0.000010 0.000010 0.237097 0.000010
0.000010 0.000010 0.000010 0.000010 0.677937 0.000010 0.000010 0.321993 0.000010
0.000010 0.000010 0.003506 0.000010 0.672917 0.000010 0.000010 0.323517 0.000010
0.000010 0.000010 0.005041 0.000010 0.675194 0.000010 0.000010 0.319705 0.000010
0.000010 0.000010 0.000010 0.000010 0.707001 0.000010 0.000010 0.292929 0.000010
0.000010 0.000010 0.000010 0.000017 0.671452 0.000010 0.000010 0.328471 0.000010
0.000010 0.000010 0.000010 0.000010 0.698314 0.000010 0.000010 0.301616 0.000010
0.000010 0.000010 0.000010 0.000010 0.682514 0.000010 0.000010 0.317416 0.000010
0.000010 0.000010 0.000010 0.000010 0.687957 0.000010 0.000010 0.311973 0.000010
0.000010 0.000010 0.000010 0.000010 0.675533 0.000010 0.000010 0.324397 0.000010
0.000010 0.000010 0.000010 0.000010 0.688130 0.000010 0.000010 0.311800 0.000010
0.000010 0.000010 0.000010 0.000010 0.685319 0.000010 0.000010 0.314611 0.000010
0.000010 0.000010 0.000010 0.000010 0.696099 0.000010 0.000010 0.303831 0.000010
0.000010 0.000010 0.000010 0.000010 0.648051 0.000010 0.000010 0.351879 0.000010
0.000010 0.000010 0.000010 0.000010 0.699454 0.000010 0.000010 0.300476 0.000010
0.000010 0.000010 0.000010 0.000011 0.674674 0.000010 0.000010 0.325254 0.000010
0.000010 0.000010 0.000010 0.000010 0.706384 0.000010 0.000010 0.293546 0.000010
0.000010 0.000010 0.000010 0.000010 0.686010 0.000010 0.000013 0.313917 0.000010
0.000010 0.000010 0.000010 0.000010 0.675414 0.000010 0.000010 0.324516 0.000010
0.000010 0.018531 0.000010 0.000010 0.035335 0.000010 0.000010 0.946074 0.000010
0.000010 0.019956 0.000010 0.000010 0.000010 0.000010 0.000010 0.979974 0.000010
0.000010 0.005086 0.000010 0.000010 0.117842 0.000010 0.000010 0.877011 0.000010
0.000010 0.000010 0.000010 0.000010 0.000010 0.000010 0.004830 0.990885 0.004225
0.000010 0.018991 0.000010 0.000010 0.000010 0.000010 0.000010 0.980939 0.000010
0.000010 0.018582 0.000010 0.000010 0.000010 0.000010 0.004525 0.976832 0.000010
0.000010 0.012510 0.000010 0.000010 0.124195 0.000010 0.000010 0.863234 0.000010
0.000010 0.008699 0.000010 0.000010 0.093252 0.000010 0.000010 0.897989 0.000010
0.000010 0.005326 0.002497 0.000010 0.182144 0.000010 0.005269 0.804723 0.000010
0.000010 0.015742 0.000010 0.000010 0.013044 0.000010 0.000010 0.971154 0.000010
0.000010 0.000010 0.000010 0.000010 0.215401 0.000010 0.008068 0.776471 0.000010
0.000010 0.002028 0.000010 0.000010 0.000010 0.000010 0.002654 0.995258 0.000010
0.000010 0.010227 0.000010 0.000010 0.024772 0.000010 0.000010 0.963696 0.001255
0.000010 0.000018 0.000010 0.000010 0.051572 0.000010 0.003632 0.931367 0.013370
0.000010 0.008823 0.000010 0.000010 0.014779 0.000010 0.000010 0.976337 0.000010
0.000010 0.016152 0.000010 0.000010 0.035321 0.000010 0.000010 0.948467 0.000010
0.000010 0.016122 0.000010 0.000010 0.000010 0.000010 0.000010 0.983808 0.000010
0.000010 0.000010 0.021452 0.000010 0.000010 0.000010 0.001551 0.976937 0.000010
0.000010 0.004999 0.013957 0.000010 0.000010 0.000010 0.006490 0.974504 0.000010
0.000010 0.000010 0.022412 0.000010 0.000010 0.000010 0.000010 0.977518 0.000010
0.000010 0.000015 0.000010 0.000010 0.173356 0.000010 0.000010 0.817795 0.008783
0.000010 0.021032 0.000010 0.000010 0.075041 0.000010 0.000010 0.899404 0.004473
0.000010 0.015857 0.000010 0.000010 0.028606 0.000010 0.000010 0.955476 0.000010
0.000010 0.000010 0.000010 0.000010 0.103212 0.000010 0.000635 0.896092 0.000010
0.000010 0.000010 0.000010 0.000010 0.217263 0.000010 0.000010 0.782667 0.000010
0.000010 0.008386 0.000010 0.000010 0.000010 0.000010 0.002290 0.989264 0.000010
0.000010 0.007395 0.000010 0.000010 0.072117 0.000010 0.005857 0.914582 0.000010
0.000010 0.001416 0.000010 0.000010 0.123353 0.000010 0.000010 0.875171 0.000010
0.000010 0.010301 0.000010 0.000010 0.015463 0.000010 0.000010 0.974176 0.000010
0.000010 0.018678 0.000010 0.000010 0.127840 0.000010 0.000010 0.853421 0.000010
0.000010 0.013307 0.000010 0.000010 0.027645 0.000010 0.008505 0.950493 0.000010
0.000010 0.008193 0.000010 0.000010 0.000010 0.000010 0.000010 0.984930 0.006817
0.000010 0.013504 0.000010 0.000010 0.000010 0.000010 0.000010 0.986426 0.000010
0.000010 0.017965 0.000010 0.000010 0.000010 0.000010 0.000010 0.981965 0.000010
0.000010 0.008788 0.000010 0.000010 0.000250 0.000010 0.000010 0.990902 0.000010
0.000010 0.000010 0.000010 0.000010 0.000010 0.000010 0.000010 0.999920 0.000010
0.000010 0.000475 0.000010 0.000010 0.015642 0.000010 0.000010 0.983823 0.000010
0.000010 0.000413 0.000010 0.000010 0.121136 0.000010 0.000010 0.878391 0.000010
0.000010 0.011742 0.007310 0.000010 0.103119 0.000010 0.000010 0.877779 0.000010
0.000010 0.010997 0.000010 0.000010 0.121839 0.000010 0.003400 0.863713 0.000010
0.000010 0.013461 0.000010 0.000010 0.113712 0.000010 0.007673 0.865104 0.000010
0.000010 0.000010 0.000010 0.000010 0.118888 0.000010 0.000010 0.881042 0.000010
0.000010 0.007662 0.000010 0.000010 0.034485 0.000010 0.000010 0.957793 0.000010
0.000010 0.023319 0.000010 0.000010 0.041024 0.000010 0.000010 0.935597 0.000010
0.000010 0.000010 0.000010 0.000010 0.162807 0.000010 0.005666 0.830630 0.000846
0.000010 0.000010 0.000010 0.000010 0.014410 0.000010 0.000010 0.985520 0.000010
0.000010 0.014009 0.000010 0.000010 0.107430 0.000010 0.000010 0.873736 0.004775
0.000010 0.005364 0.014076 0.006311 0.295031 0.001167 0.001112 0.670841 0.006088
0.000010 0.019515 0.000010 0.000010 0.000010 0.000010 0.000010 0.980415 0.000010
0.000010 0.011790 0.000010 0.000010 0.000010 0.000010 0.000010 0.988140 0.000010
0.000010 0.000010 0.000010 0.000010 0.323729 0.000010 0.000010 0.676201 0.000010
0.000010 0.018929 0.000010 0.000010 0.039767 0.000010 0.000010 0.941244 0.000010
0.000010 0.000359 0.000010 0.000010 0.133568 0.000010 0.000010 0.859556 0.006468
0.000010 0.009877 0.000010 0.000010 0.000010 0.000010 0.000010 0.990053 0.000010
0.000010 0.000010 0.000010 0.000010 0.319373 0.000010 0.000010 0.680557 0.000010
0.000010 0.000010 0.000010 0.000010 0.054510 0.000010 0.000010 0.934172 0.011258
0.000010 0.005073 0.000010 0.000010 0.023659 0.000010 0.000010 0.956527 0.014692
0.000010 0.007699 0.000010 0.000010 0.131275 0.000010 0.000010 0.860966 0.000010
0.000010 0.010622 0.000010 0.000010 0.074954 0.000010 0.003331 0.911044 0.000010
0.000010 0.009045 0.000010 0.000010 0.098365 0.000010 0.000016 0.892525 0.000010
0.000010 0.000010 0.000010 0.000010 0.000010 0.000010 0.000010 0.999920 0.000010
0.000010 0.000768 0.010987 0.000010 0.102190 0.000010 0.000010 0.886005 0.000010
0.000010 0.015771 0.000010 0.000010 0.000010 0.000010 0.001041 0.983128 0.000010
0.000010 0.013997 0.000010 0.000010 0.077018 0.000010 0.000010 0.908925 0.000010
0.000010 0.008695 0.000010 0.000010 0.057123 0.000010 0.001641 0.926947 0.005554
0.000010 0.000010 0.000010 0.000010 0.000010 0.000010 0.004672 0.995258 0.000010
0.000010 0.015624 0.000010 0.000010 0.056688 0.000010 0.000010 0.927628 0.000010
0.000010 0.024281 0.000010 0.000010 0.079117 0.000010 0.000358 0.896193 0.000010
0.000010 0.015805 0.000010 0.000010 0.000010 0.000010 0.001795 0.982341 0.000010
0.000010 0.003052 0.000010 0.000010 0.000010 0.000010 0.008978 0.987909 0.000010
0.000010 0.000010 0.000010 0.000010 0.047975 0.000010 0.009562 0.940879 0.001534
0.000010 0.006523 0.000010 0.000010 0.000760 0.000010 0.000010 0.992656 0.000010
0.000010 0.000010 0.000010 0.000010 0.000010 0.000010 0.000011 0.999919 0.000010
0.000010 0.000010 0.000010 0.000010 0.138212 0.000010 0.000010 0.861718 0.000010
0.000010 0.018130 0.000010 0.000010 0.028066 0.000010 0.000010 0.953744 0.000010
0.000010 0.002473 0.000010 0.000010 0.074363 0.000010 0.000745 0.922369 0.000010
0.000010 0.002304 0.000010 0.000010 0.269544 0.000010 0.000010 0.728091 0.000010
0.000010 0.009614 0.000010 0.000010 0.028297 0.000010 0.000010 0.962030 0.000010
0.000010 0.009873 0.000010 0.000010 0.000010 0.000010 0.000010 0.990057 0.000010
0.000010 0.003414 0.000010 0.000010 0.000010 0.000010 0.000010 0.996516 0.000010
0.000010 0.001370 0.000010 0.000010 0.047458 0.000010 0.000010 0.942201 0.008921
0.000010 0.400673 0.000010 0.000010 0.000010 0.000010 0.001150 0.000010 0.598117
0.000010 0.396696 0.000010 0.000010 0.000010 0.000010 0.000010 0.000010 0.603234
0.000010 0.397844 0.000010 0.000010 0.000010 0.000010 0.000010 0.000010 0.602086
0.000010 0.415358 0.000010 0.000010 0.000010 0.000010 0.000010 0.000010 0.584572
0.000010 0.417703 0.000010 0.000010 0.000010 0.000010 0.000010 0.000010 0.582227
0.000010 0.418843 0.000010 0.000010 0.000010 0.000010 0.000010 0.000010 0.581087
0.000010 0.399703 0.000010 0.000010 0.000010 0.000010 0.000010 0.000010 0.600227
0.000010 0.397425 0.000010 0.000010 0.000010 0.000010 0.000010 0.000010 0.602505
0.000010 0.397320 0.000010 0.000010 0.000010 0.000010 0.000010 0.000010 0.602610
0.000010 0.378482 0.000010 0.000010 0.000010 0.000010 0.000010 0.000010 0.621448
0.000010 0.393916 0.000010 0.000010 0.000010 0.000010 0.000010 0.000010 0.606014
0.000010 0.432459 0.000010 0.000010 0.000010 0.000010 0.000010 0.000010 0.567471
0.000010 0.349629 0.000010 0.000010 0.000010 0.000010 0.000010 0.000010 0.650301
0.000010 0.403174 0.000010 0.000010 0.000010 0.000010 0.000010 0.000010 0.596756
0.000010 0.412712 0.000010 0.000010 0.000010 0.000010 0.000010 0.000010 0.587218
0.000010 0.437100 0.000010 0.000010 0.000010 0.000010 0.000010 0.000010 0.562830
0.000010 0.398348 0.000010 0.000010 0.000010 0.000010 0.000010 0.000010 0.601582
0.000010 0.405071 0.000010 0.000010 0.000010 0.000010 0.000010 0.000010 0.594859
0.000010 0.446136 0.000010 0.000010 0.000010 0.000010 0.000010 0.000010 0.553794
0.000010 0.451163 0.000010 0.000010 0.000010 0.000010 0.000010 0.000010 0.548767
0.000010 0.398963 0.000010 0.000010 0.000010 0.000010 0.000010 0.000010 0.600967
0.000010 0.397954 0.000010 0.000010 0.000010 0.000010 0.000010 0.000010 0.601976
0.000010 0.408466 0.000010 0.000016 0.000010 0.000010 0.000010 0.000010 0.591458
0.000010 0.401248 0.000010 0.000010 0.000010 0.000010 0.000010 0.000010 0.598682
0.000010 0.410728 0.000010 0.000010 0.000010 0.000010 0.000010 0.000010 0.589202
0.000010 0.410347 0.000010 0.000010 0.000010 0.000010 0.000010 0.000010 0.589583
0.000010 0.456707 0.000010 0.000010 0.000010 0.000010 0.000010 0.000010 0.543223
0.000010 0.397958 0.000010 0.000010 0.000010 0.000010 0.000010 0.000010 0.601972
0.000010 0.413625 0.000010 0.000010 0.000010 0.000010 0.000010 0.000010 0.586305
0.000010 0.407448 0.000010 0.000010 0.000010 0.000012 0.000010 0.000010 0.592480
0.000010 0.463175 0.000010 0.000010 0.000010 0.000010 0.000010 0.000010 0.536755
0.000010 0.375660 0.000010 0.000010 0.000010 0.000010 0.000010 0.000010 0.624270
0.000010 0.396538 0.000010 0.000010 0.000010 0.000010 0.000010 0.000010 0.603392
0.000010 0.446098 0.000010 0.000010 0.000010 0.000010 0.000010 0.000010 0.553832
0.000010 0.433452 0.000010 0.000010 0.000010 0.000010 0.000010 0.000010 0.566478
0.000010 0.347624 0.000010 0.000010 0.000010 0.000010 0.000010 0.000010 0.652306
0.000010 0.415426 0.000010 0.000010 0.000010 0.000010 0.000010 0.000010 0.584504
0.000010 0.431503 0.000010 0.000010 0.000010 0.000010 0.000010 0.000010 0.568427
0.000010 0.384873 0.000010 0.000010 0.000010 0.000010 0.000010 0.000010 0.615057
0.000010 0.437455 0.000010 0.000010 0.000010 0.000010 0.000010 0.000010 0.562475
0.000010 0.407849 0.000010 0.000010 0.000010 0.000010 0.000010 0.000010 0.592081
0.000010 0.349609 0.000010 0.000010 0.000010 0.000010 0.000010 0.000010 0.650321
0.047849 0.007355 0.000010 0.017379 0.743332 0.027377 0.156678 0.000010 0.000010
0.105202 0.005930 0.006132 0.032843 0.605745 0.040040 0.204087 0.000010 0.000010
0.017202 0.000010 0.023756 0.030184 0.774005 0.027110 0.127713 0.000011 0.000010
0.000010 0.427880 0.000010 0.000010 0.000010 0.000010 0.000010 0.000010 0.572050
0.000010 0.448995 0.000010 0.000010 0.000010 0.000010 0.000010 0.000010 0.550935
0.000010 0.516829 0.000010 0.000010 0.000010 0.000010 0.000010 0.000010 0.483101
0.000010 0.423531 0.000010 0.000010 0.000010 0.000010 0.000010 0.000010 0.576399
0.000010 0.444021 0.000010 0.000010 0.000010 0.000010 0.000010 0.000010 0.555909
0.000010 0.423723 0.000010 0.000010 0.000010 0.000010 0.000010 0.000010 0.576207
0.000010 0.451821 0.000010 0.000010 0.000010 0.000010 0.000010 0.000010 0.548109
0.000010 0.465409 0.000010 0.000010 0.000010 0.000010 0.000010 0.000010 0.534521
0.000010 0.320524 0.000010 0.000010 0.000010 0.000010 0.000010 0.000010 0.679406
0.000010 0.451306 0.000010 0.000010 0.000010 0.000010 0.000010 0.000010 0.548624
0.000010 0.446638 0.000010 0.000010 0.000010 0.000010 0.000010 0.000010 0.553292
0.000010 0.374151 0.005734 0.000010 0.000010 0.000010 0.000010 0.000010 0.620055
0.000010 0.647284 0.000010 0.000010 0.000010 0.000010 0.002079 0.011347 0.339241
0.000010 0.441417 0.000010 0.000010 0.000010 0.000010 0.000010 0.000010 0.558513
0.000010 0.472082 0.000010 0.000010 0.000010 0.000010 0.000010 0.000010 0.527848
0.000010 0.466443 0.000010 0.000010 0.000010 0.000010 0.000010 0.000010 0.533487
0.000010 0.417444 0.000010 0.000010 0.000010 0.000010 0.000010 0.000010 0.582486
0.000010 0.498169 0.000010 0.000010 0.000010 0.000010 0.000010 0.000010 0.501761
0.000010 0.429305 0.000010 0.000010 0.000010 0.000010 0.000010 0.000010 0.570625
0.000010 0.413142 0.000010 0.000010 0.000010 0.000010 0.000010 0.000010 0.586788
0.000010 0.444212 0.000010 0.000010 0.000010 0.000010 0.000010 0.000010 0.555718
0.000010 0.464505 0.000010 0.000010 0.000010 0.000010 0.000010 0.000010 0.535425
0.000010 0.428772 0.000010 0.000010 0.000010 0.000010 0.000010 0.000010 0.571158
0.000010 0.440034 0.000010 0.000010 0.000010 0.000010 0.000010 0.000010 0.559896
0.000010 0.412415 0.000010 0.000010 0.000010 0.000010 0.001930 0.000010 0.585594
0.000010 0.429655 0.000010 0.000010 0.000010 0.000010 0.000010 0.000010 0.570275
0.008098 0.412262 0.000010 0.000010 0.010637 0.000010 0.003066 0.000010 0.565898
0.000010 0.426815 0.000010 0.000010 0.000010 0.000010 0.000010 0.000010 0.573115
0.000011 0.318413 0.000010 0.000010 0.000010 0.000010 0.000010 0.000010 0.681515
0.000010 0.438920 0.000010 0.000010 0.000010 0.000010 0.000010 0.000010 0.561010
0.000010 0.392808 0.000010 0.000010 0.000010 0.000010 0.000010 0.000010 0.607122
0.000010 0.403456 0.000010 0.000010 0.000010 0.000010 0.000010 0.000010 0.596474
0.000010 0.423007 0.000018 0.000010 0.000010 0.000010 0.000012 0.000010 0.576913
0.000010 0.441005 0.000010 0.000010 0.000010 0.000010 0.000010 0.000010 0.558925
0.000010 0.432606 0.000010 0.000010 0.000010 0.000010 0.000010 0.000010 0.567324
0.084809 0.013445 0.001912 0.026531 0.678696 0.040573 0.154015 0.000010 0.000010
0.070430 0.009789 0.000010 0.046791 0.656016 0.060767 0.154708 0.001480 0.000010
0.036351 0.005477 0.012913 0.022064 0.783359 0.010852 0.120111 0.000010 0.008861
0.043943 0.011520 0.000767 0.004707 0.733030 0.034676 0.171337 0.000010 0.000010
0.000010 0.261552 0.000010 0.000010 0.000010 0.000010 0.000010 0.000010 0.738378
0.000010 0.294454 0.000010 0.000010 0.000010 0.000010 0.000011 0.000010 0.705475
0.000010 0.280935 0.000010 0.000010 0.000010 0.000010 0.000010 0.000010 0.718995
0.000010 0.315373 0.000010 0.000010 0.000010 0.000010 0.000010 0.000010 0.684557
0.000010 0.284820 0.000010 0.000010 0.000010 0.000010 0.000010 0.000010 0.715110
0.000010 0.325101 0.000010 0.000010 0.000010 0.000010 0.000010 0.000010 0.674829
0.000010 0.307325 0.000010 0.000010 0.000010 0.000010 0.000010 0.000010 0.692605
0.000010 0.257551 0.000010 0.000010 0.000010 0.000010 0.000010 0.000010 0.742379
0.000010 0.316678 0.000010 0.000010 0.000010 0.000010 0.000010 0.000010 0.683252
0.000010 0.286483 0.000010 0.000010 0.000010 0.000010 0.000010 0.000010 0.713447
0.000010 0.288638 0.000010 0.000010 0.000010 0.000010 0.000010 0.000010 0.711292
0.000010 0.318919 0.000010 0.000010 0.000010 0.000010 0.000010 0.000010 0.681011
0.000010 0.318543 0.000010 0.000010 0.000010 0.000010 0.000010 0.000010 0.681387
0.000010 0.314747 0.000010 0.000010 0.000010 0.000010 0.000010 0.000010 0.685183
0.000010 0.318928 0.000010 0.000010 0.000010 0.000010 0.000010 0.000010 0.681002
0.000010 0.262499 0.000010 0.000010 0.000010 0.000010 0.000010 0.000010 0.737431
0.000010 0.285043 0.000010 0.000010 0.000010 0.000010 0.000010 0.000010 0.714887
0.000010 0.302317 0.000010 0.000010 0.000010 0.000010 0.000010 0.000010 0.697613
0.000010 0.296857 0.000010 0.000010 0.000010 0.000010 0.000010 0.000010 0.703073
0.000010 0.352657 0.000010 0.000010 0.000010 0.000010 0.000010 0.000010 0.647273
0.000010 0.337996 0.000010 0.000010 0.000010 0.000010 0.000010 0.000010 0.661934
0.000010 0.312665 0.000010 0.000010 0.000010 0.000010 0.000010 0.000010 0.687265
0.000010 0.306541 0.000010 0.000010 0.000010 0.000010 0.000010 0.000010 0.693389
0.000010 0.294491 0.000010 0.000010 0.000010 0.000010 0.000010 0.000010 0.705439
0.000010 0.326927 0.000010 0.000010 0.000010 0.000010 0.000010 0.000010 0.673003
0.000010 0.284716 0.000010 0.000010 0.000010 0.000010 0.000010 0.000010 0.715214
0.000010 0.267955 0.000010 0.000010 0.000010 0.000010 0.000010 0.000010 0.731975
0.000010 0.287602 0.000010 0.000010 0.000010 0.000010 0.000010 0.000010 0.712328
0.014592 0.004988 0.000010 0.000010 0.861345 0.013143 0.084857 0.011871 0.009184
0.026609 0.014001 0.000010 0.000010 0.798183 0.022355 0.138812 0.000010 0.000010
0.042459 0.000010 0.000010 0.018415 0.665183 0.059143 0.211826 0.000679 0.002276
0.030169 0.004635 0.000010 0.000010 0.797637 0.030706 0.121874 0.014949 0.000010
0.047671 0.003664 0.000010 0.018278 0.763096 0.017240 0.112233 0.037799 0.000010
0.011744 0.000010 0.000010 0.010360 0.698443 0.025666 0.062814 0.190942 0.000010
0.054387 0.000010 0.000010 0.036240 0.706383 0.033852 0.160467 0.000010 0.008641
0.046200 0.000010 0.005664 0.018585 0.861985 0.000010 0.067527 0.000010 0.000010
0.047717 0.017760 0.000010 0.013191 0.671067 0.021680 0.228556 0.000010 0.000010
0.000010 0.000010 0.000010 0.000010 0.000010 0.000010 0.000010 0.000010 0.999920
0.000010 0.000010 0.000010 0.000010 0.000010 0.000010 0.000010 0.000010 0.999920
0.000010 0.000010 0.000010 0.000010 0.000010 0.000010 0.000010 0.000010 0.999920
0.000010 0.000010 0.000010 0.000010 0.000010 0.000010 0.000010 0.000010 0.999920
0.000010 0.000010 0.003101 0.000010 0.000010 0.000010 0.000010 0.000010 0.996829
0.000010 0.000010 0.000010 0.000010 0.000010 0.000010 0.000010 0.000010 0.999920
0.000010 0.000010 0.000010 0.000010 0.000010 0.000010 0.000010 0.000010 0.999920
0.000010 0.000011 0.000010 0.000010 0.000010 0.000010 0.000010 0.000010 0.999919
0.000010 0.052036 0.000010 0.000010 0.000010 0.000010 0.003177 0.000010 0.944727
0.000010 0.075372 0.002692 0.000010 0.000010 0.000010 0.000010 0.000010 0.921877
0.000010 0.031287 0.000010 0.000010 0.000010 0.000010 0.000010 0.000010 0.968643
0.000010 0.000010 0.000010 0.000010 0.000010 0.000010 0.000010 0.000010 0.999920
0.000010 0.000010 0.000010 0.000010 0.000010 0.000010 0.000010 0.000010 0.999920
0.000010 0.000012 0.000010 0.000010 0.000010 0.000010 0.000010 0.000010 0.999918
0.000010 0.000010 0.000010 0.000010 0.000010 0.000010 0.000010 0.000010 0.999920
0.036772 0.000010 0.000010 0.026510 0.784523 0.020253 0.102846 0.027913 0.001162
0.021302 0.000010 0.000010 0.057538 0.730495 0.029257 0.158723 0.000010 0.002656
0.089493 0.000010 0.000010 0.108200 0.614457 0.026686 0.138116 0.013983 0.009045
0.096192 0.002242 0.017779 0.059065 0.562826 0.056946 0.204929 0.000011 0.000010
0.060784 0.000010 0.000010 0.120953 0.569877 0.053246 0.180403 0.000010 0.014707
0.044604 0.004949 0.000010 0.000010 0.745549 0.022831 0.182027 0.000011 0.000010
0.074424 0.001291 0.000010 0.005505 0.752271 0.045547 0.117886 0.003055 0.000010
0.085524 0.000010 0.011827 0.003299 0.661818 0.033103 0.155951 0.045217 0.003251
0.046536 0.004833 0.000010 0.017552 0.753200 0.030921 0.129574 0.008752 0.008623
0.038732 0.002665 0.000010 0.012305 0.776610 0.017722 0.151935 0.000010 0.000010
0.101350 0.000010 0.011201 0.229685 0.494779 0.021861 0.138221 0.000010 0.002883
0.069733 0.007199 0.002267 0.075690 0.693476 0.024479 0.127136 0.000010 0.000010
0.048156 0.012430 0.000010 0.007347 0.742227 0.010640 0.133135 0.039961 0.006093
0.048235 0.000010 0.000010 0.000010 0.757691 0.032108 0.149513 0.000010 0.012413
0.034013 0.006502 0.000010 0.016031 0.742540 0.031982 0.168902 0.000010 0.000010
0.039303 0.004205 0.000010 0.000010 0.777596 0.019339 0.159518 0.000010 0.000010
0.038435 0.000010 0.000010 0.023685 0.764233 0.017175 0.156431 0.000010 0.000010
0.042896 0.000010 0.002034 0.000010 0.748519 0.041681 0.154420 0.000010 0.010419
0.030419 0.011285 0.008935 0.025611 0.800064 0.038004 0.060884 0.024788 0.000010
0.113412 0.005243 0.018214 0.041497 0.582786 0.034695 0.192429 0.009091 0.002633
0.038349 0.014142 0.000010 0.086808 0.678014 0.047603 0.135053 0.000011 0.000010
0.024760 0.000010 0.010696 0.034954 0.681004 0.030662 0.217893 0.000010 0.000010
0.098691 0.007140 0.000010 0.084957 0.615473 0.026154 0.151495 0.003829 0.012251
0.060367 0.001280 0.000263 0.037320 0.716330 0.000343 0.184077 0.000010 0.000010
0.054134 0.000010 0.012175 0.020556 0.710658 0.047438 0.146194 0.002717 0.006118
0.022545 0.000571 0.000010 0.064052 0.665284 0.043892 0.203625 0.000010 0.000010
0.057653 0.000010 0.012706 0.099661 0.636907 0.037450 0.135677 0.013719 0.006217
0.021608 0.000010 0.020861 0.105032 0.659087 0.014480 0.150530 0.027350 0.001042
0.129842 0.000010 0.020752 0.086818 0.598571 0.019046 0.142532 0.000010 0.002418
0.059631 0.000010 0.007741 0.044253 0.698814 0.025420 0.142477 0.013142 0.008513
0.037100 0.003946 0.000010 0.044346 0.745055 0.027098 0.137315 0.000010 0.005120
0.048064 0.000010 0.000010 0.000436 0.734581 0.047258 0.169621 0.000010 0.000010
0.036438 0.000010 0.000010 0.026908 0.745580 0.034923 0.148314 0.000010 0.007808
0.046812 0.000010 0.000010 0.024342 0.674029 0.077953 0.176825 0.000010 0.000010
0.110866 0.000010 0.000010 0.039133 0.667971 0.023914 0.138645 0.019442 0.000010
0.026840 0.007916 0.001958 0.029967 0.769671 0.032967 0.122298 0.000010 0.008372
0.047427 0.013077 0.000010 0.006161 0.771738 0.034102 0.087246 0.040230 0.000010
0.050275 0.000010 0.000010 0.122326 0.663915 0.039872 0.115242 0.000010 0.008340
0.073457 0.002730 0.000189 0.035297 0.660610 0.032841 0.149818 0.045049 0.000010
0.085996 0.003544 0.000010 0.029056 0.717733 0.005451 0.158191 0.000010 0.000010
0.000010 0.000010 0.011656 0.002869 0.872114 0.015124 0.085871 0.012336 0.000010
0.000010 0.008925 0.000010 0.000010 0.689795 0.006697 0.294533 0.000010 0.000010
0.014128 0.007063 0.007273 0.009239 0.811190 0.008255 0.140146 0.000010 0.002695
0.002726 0.004127 0.024338 0.031092 0.570989 0.007806 0.318831 0.040082 0.000010
0.034132 0.000010 0.000010 0.021208 0.644430 0.011849 0.235106 0.053246 0.000010
0.050836 0.009428 0.000010 0.076973 0.506168 0.006944 0.310419 0.039213 0.000010
0.043503 0.019498 0.000010 0.035812 0.633744 0.005307 0.262105 0.000011 0.000010
0.023363 0.000010 0.014036 0.027208 0.659788 0.009771 0.265803 0.000011 0.000010
0.028396 0.005602 0.010136 0.035103 0.651371 0.000013 0.269360 0.000010 0.000010
0.000010 0.000010 0.000010 0.013614 0.797912 0.009606 0.175858 0.000010 0.002971
0.070353 0.005257 0.000010 0.000010 0.594515 0.050488 0.237111 0.035017 0.007238
0.056932 0.005792 0.000010 0.004420 0.618715 0.033240 0.280870 0.000010 0.000010
0.020360 0.007015 0.000684 0.000010 0.605940 0.000010 0.361943 0.000010 0.004028
0.056462 0.000010 0.000010 0.130365 0.498426 0.000010 0.301537 0.009774 0.003405
0.030588 0.001937 0.009609 0.000010 0.651684 0.003307 0.300394 0.002461 0.000010
0.096660 0.000010 0.016647 0.079697 0.417299 0.000010 0.382547 0.000010 0.007120
0.000010 0.000010 0.005231 0.041095 0.655625 0.010865 0.271816 0.015339 0.000010
0.045965 0.010217 0.000010 0.030876 0.439058 0.023397 0.446944 0.000010 0.003523
0.072424 0.000010 0.005413 0.054866 0.636252 0.044798 0.174960 0.004217 0.007060
0.064909 0.001539 0.015790 0.000010 0.715800 0.033582 0.168349 0.000010 0.000010
0.055101 0.000010 0.009970 0.023804 0.761351 0.020111 0.129633 0.000010 0.000010
0.086943 0.000010 0.000010 0.103441 0.567462 0.048631 0.144587 0.040553 0.008362
0.014310 0.008058 0.023429 0.011541 0.874174 0.000010 0.068139 0.000010 0.000330
0.035277 0.007099 0.000010 0.079987 0.692402 0.018525 0.166681 0.000010 0.000010
0.038076 0.000631 0.005056 0.081712 0.634248 0.078860 0.146420 0.008701 0.006297
0.038965 0.000010 0.000010 0.015354 0.863950 0.007415 0.063781 0.000010 0.010504
0.004757 0.000010 0.000010 0.054818 0.769436 0.004629 0.134187 0.027251 0.004902
0.045364 0.000010 0.000010 0.035039 0.695279 0.022412 0.175425 0.021201 0.005260
0.039678 0.013527 0.000010 0.018008 0.709759 0.025289 0.193709 0.000010 0.000010
0.095578 0.000010 0.002787 0.048958 0.678097 0.004568 0.155701 0.006797 0.007503
0.078427 0.000010 0.000010 0.005583 0.704898 0.032872 0.175957 0.002233 0.000010
0.079837 0.000010 0.000010 0.069710 0.539389 0.063134 0.246847 0.001052 0.000010
0.088045 0.013808 0.000010 0.057307 0.537947 0.077980 0.212929 0.002315 0.009659
0.064571 0.006260 0.000010 0.061256 0.616116 0.025739 0.218077 0.000010 0.007960
0.065190 0.005860 0.010419 0.000010 0.681561 0.026320 0.210620 0.000010 0.000010
0.039000 0.000010 0.005782 0.018990 0.763328 0.005694 0.167175 0.000011 0.000010
0.093112 0.007765 0.003762 0.067246 0.641666 0.032011 0.154418 0.000010 0.000010
0.027051 0.007809 0.010552 0.017792 0.827360 0.000010 0.109405 0.000010 0.000010
0.048345 0.011100 0.000010 0.034366 0.745836 0.019377 0.130653 0.000010 0.010302
0.064691 0.000010 0.000010 0.028740 0.737599 0.017602 0.124675 0.014664 0.012008
0.068915 0.010329 0.000010 0.116242 0.604246 0.005245 0.185991 0.009012 0.000010
0.027693 0.001199 0.010059 0.050066 0.747479 0.042906 0.118879 0.000010 0.001710
0.041440 0.003828 0.011005 0.014317 0.582157 0.016746 0.321737 0.008760 0.000010
0.014010 0.006995 0.004753 0.006170 0.696895 0.000010 0.265165 0.003785 0.002217
0.023225 0.016602 0.000010 0.009243 0.676399 0.012038 0.249199 0.013274 0.000010
0.096007 0.019537 0.000011 0.060578 0.506093 0.029603 0.288151 0.000011 0.000010
0.004116 0.010872 0.002777 0.000010 0.787146 0.003753 0.180958 0.010358 0.000010
0.012675 0.000010 0.007564 0.000010 0.637910 0.000010 0.320527 0.020657 0.000638
0.012383 0.000010 0.000010 0.006499 0.809845 0.005934 0.131400 0.017227 0.016694
0.042203 0.014111 0.005108 0.055579 0.537580 0.030064 0.315336 0.000010 0.000010
0.060222 0.000010 0.002013 0.016159 0.634543 0.000010 0.279473 0.000010 0.007561
0.069725 0.000010 0.000010 0.000010 0.646702 0.005410 0.274753 0.003371 0.000010
0.062016 0.000980 0.001764 0.078861 0.485675 0.045023 0.323798 0.000010 0.001873
0.009104 0.000010 0.001578 0.000010 0.604056 0.000010 0.384874 0.000348 0.000010
0.019617 0.002920 0.002785 0.000010 0.680293 0.000010 0.294344 0.000010 0.000010
0.026342 0.000154 0.003119 0.000010 0.703275 0.000010 0.262619 0.000010 0.004461
0.042769 0.000010 0.012079 0.024735 0.674402 0.000010 0.245975 0.000010 0.000010
0.072788 0.000010 0.004998 0.128741 0.595350 0.046519 0.151574 0.000010 0.000010
0.064737 0.000010 0.009731 0.041810 0.648430 0.023389 0.201957 0.000010 0.009926
0.084485 0.005144 0.022416 0.018118 0.651118 0.016850 0.182823 0.014000 0.005046
0.063374 0.003982 0.007595 0.058541 0.638495 0.031561 0.196433 0.000010 0.000010
0.110105 0.003094 0.000010 0.080931 0.597250 0.045016 0.163574 0.000010 0.000010
0.046236 0.000010 0.016696 0.024015 0.758681 0.023066 0.089170 0.035029 0.007098
0.065379 0.000010 0.002739 0.061431 0.714370 0.000010 0.150780 0.000388 0.004893
0.047884 0.010566 0.000560 0.041059 0.706735 0.031134 0.162041 0.000010 0.000010
0.100604 0.005723 0.006069 0.024143 0.741455 0.013774 0.106523 0.000010 0.001699
0.085830 0.008064 0.000010 0.000010 0.687385 0.015288 0.201691 0.000010 0.001712
0.000010 0.000010 0.003969 0.000010 0.635840 0.000010 0.000010 0.360132 0.000010
0.000010 0.015121 0.000010 0.000010 0.352289 0.000010 0.615827 0.016712 0.000010
0.122056 0.000010 0.000010 0.207376 0.382141 0.023419 0.234862 0.009750 0.020376
0.027583 0.000010 0.009557 0.000010 0.491964 0.001458 0.417112 0.052296 0.000010
0.033355 0.004817 0.000010 0.004179 0.688304 0.012886 0.236148 0.015583 0.004718
0.009864 0.010794 0.011652 0.025686 0.536160 0.000010 0.400890 0.000010 0.004933
0.010834 0.002946 0.000736 0.058252 0.501716 0.002681 0.400282 0.022543 0.000010
0.002353 0.007284 0.001493 0.000010 0.672765 0.013496 0.302579 0.000010 0.000010
0.022453 0.005569 0.000010 0.009574 0.761459 0.000010 0.200905 0.000010 0.000010
0.007862 0.000010 0.000010 0.000010 0.792436 0.008410 0.171437 0.009629 0.010195
0.040541 0.000010 0.005799 0.009526 0.595119 0.000010 0.326774 0.018686 0.003535
0.008592 0.017773 0.000010 0.000010 0.644728 0.004811 0.291499 0.032567 0.000010
0.021958 0.000010 0.005685 0.007456 0.674880 0.016649 0.262678 0.010675 0.000010
0.031140 0.015167 0.000627 0.029935 0.677481 0.000010 0.245620 0.000010 0.000010
0.069853 0.009977 0.000010 0.084868 0.598795 0.000010 0.230828 0.005648 0.000010
0.057926 0.000013 0.000010 0.070005 0.479883 0.038510 0.334323 0.004145 0.015185
0.045956 0.000010 0.000010 0.067831 0.536406 0.031056 0.282030 0.028666 0.008034
0.044798 0.004086 0.000010 0.062477 0.603638 0.008233 0.267303 0.000010 0.009445
0.054826 0.000010 0.000010 0.039062 0.332840 0.032618 0.532229 0.000010 0.008395
0.034108 0.005472 0.000010 0.000010 0.617494 0.000010 0.342876 0.000010 0.000010
0.013856 0.002826 0.000010 0.000010 0.703508 0.000010 0.279759 0.000010 0.000010
0.080094 0.002346 0.000924 0.043349 0.521457 0.018801 0.310516 0.018738 0.003775
0.080771 0.013126 0.000010 0.005098 0.576390 0.019188 0.305397 0.000010 0.000010
0.013538 0.007613 0.002126 0.010220 0.543360 0.013801 0.393154 0.000010 0.016179
0.022756 0.000010 0.000010 0.000220 0.700721 0.005690 0.259551 0.011033 0.000010
0.000011 0.002195 0.000010 0.027321 0.698271 0.029839 0.237838 0.000010 0.004504
0.020900 0.000010 0.016373 0.019864 0.781446 0.009395 0.142899 0.009102 0.000010
0.082172 0.010828 0.000010 0.157800 0.396333 0.047039 0.305798 0.000010 0.000010
0.101391 0.000010 0.002903 0.041065 0.632571 0.018995 0.192379 0.000010 0.010676
0.090670 0.017694 0.001634 0.072476 0.621783 0.046229 0.149494 0.000010 0.000010
0.038191 0.004066 0.000010 0.021905 0.777579 0.019856 0.138372 0.000011 0.000010
0.113979 0.011681 0.013371 0.027681 0.597700 0.024246 0.211322 0.000010 0.000010
0.137716 0.000010 0.012721 0.016611 0.624849 0.032645 0.175426 0.000011 0.000010
0.088376 0.016279 0.007120 0.069881 0.617767 0.000010 0.200548 0.000010 0.000010
0.075030 0.000013 0.020096 0.086870 0.618295 0.012522 0.187153 0.000010 0.000010
0.053565 0.000010 0.015189 0.028854 0.760022 0.016937 0.115166 0.000010 0.010247
0.052932 0.000010 0.000010 0.022799 0.671947 0.010745 0.241537 0.000010 0.000010
0.082044 0.000010 0.011523 0.021741 0.640635 0.031392 0.198419 0.000010 0.014226
0.087375 0.000010 0.016844 0.028479 0.624689 0.013393 0.183335 0.045865 0.000010
0.090165 0.000545 0.013823 0.012986 0.571855 0.018611 0.284179 0.002108 0.005727
0.010128 0.000010 0.002589 0.011907 0.706647 0.007222 0.250605 0.000010 0.010882
0.032305 0.000010 0.008346 0.000010 0.386452 0.017449 0.541850 0.013101 0.000478
0.005175 0.011496 0.000010 0.000010 0.843324 0.006310 0.131113 0.000010 0.002552
0.066545 0.005469 0.000010 0.080887 0.500703 0.030041 0.239423 0.076911 0.000010
0.000010 0.005973 0.006806 0.000010 0.519916 0.021946 0.414333 0.024267 0.006739
0.030629 0.000010 0.010093 0.008681 0.362378 0.009148 0.564005 0.015045 0.000010
0.044251 0.005482 0.003796 0.033437 0.595062 0.013333 0.297622 0.000010 0.007006
0.059548 0.000010 0.026718 0.004190 0.618268 0.002393 0.261732 0.017109 0.010033
0.015979 0.009282 0.000010 0.013887 0.556052 0.001177 0.403594 0.000010 0.000010
0.011112 0.012703 0.008598 0.031985 0.523361 0.000737 0.411482 0.000010 0.000010
0.035853 0.000010 0.003208 0.000010 0.517031 0.000010 0.443858 0.000011 0.000010
0.034070 0.010495 0.005638 0.097601 0.407547 0.035994 0.408635 0.000010 0.000010
0.116466 0.020535 0.006494 0.153947 0.364876 0.013533 0.320159 0.003980 0.000010
0.055628 0.000916 0.000010 0.130400 0.474942 0.003048 0.335036 0.000010 0.000010
0.007662 0.008087 0.000010 0.000010 0.769779 0.004221 0.210211 0.000010 0.000010
0.017812 0.000010 0.000166 0.000010 0.775957 0.000010 0.203358 0.000010 0.002667
0.020404 0.004518 0.010871 0.000010 0.768486 0.000015 0.163881 0.031805 0.000010
0.023586 0.002937 0.000010 0.000010 0.819623 0.000010 0.153805 0.000010 0.000010
0.133506 0.000010 0.008280 0.153982 0.349952 0.059307 0.278283 0.006811 0.009869
0.004804 0.004569 0.016567 0.030505 0.582289 0.000010 0.361234 0.000010 0.000010
0.066038 0.000010 0.000010 0.045726 0.658674 0.038692 0.142705 0.044507 0.003638
0.008039 0.000010 0.000010 0.004688 0.836777 0.000010 0.128966 0.006193 0.015307
0.000010 0.015482 0.000010 0.000010 0.800335 0.013306 0.170827 0.000010 0.000010
0.020505 0.005921 0.003411 0.008904 0.739272 0.000010 0.219717 0.000010 0.002251
0.045707 0.013602 0.000010 0.021180 0.453371 0.032913 0.433197 0.000011 0.000010
0.050183 0.013457 0.000010 0.072439 0.475086 0.001059 0.383711 0.000010 0.004046
