0.000010 0.000010 0.000010 0.000010 0.637731 0.000010 0.000010 0.362199 0.000010
0.000010 0.000010 0.002586 0.000010 0.671117 0.000010 0.000010 0.326237 0.000010
0.000010 0.000010 0.000010 0.000010 0.606946 0.000010 0.001471 0.391523 0.000010
0.000010 0.000010 0.000010 0.000010 0.694392 0.000010 0.000010 0.305538 0.000010
0.000010 0.000010 0.000010 0.000010 0.644566 0.000010 0.000014 0.355360 0.000010
0.000010 0.000010 0.000010 0.000010 0.597833 0.000010 0.000010 0.402097 0.000010
0.000010 0.000010 0.000010 0.000010 0.662596 0.000010 0.000010 0.337334 0.000010
0.000010 0.000010 0.000010 0.000010 0.648803 0.000010 0.000010 0.351127 0.000010
0.000010 0.000010 0.002392 0.000010 0.618310 0.000010 0.000012 0.379236 0.000010
0.000010 0.000010 0.000010 0.000010 0.625783 0.000010 0.000010 0.374147 0.000010
0.000010 0.000010 0.000010 0.000010 0.609488 0.000010 0.002934 0.387518 0.000010
0.000010 0.000010 0.000010 0.000010 0.653178 0.000010 0.000010 0.346752 0.000010
0.000010 0.000010 0.000010 0.000010 0.612954 0.000010 0.000010 0.386976 0.000010
0.000010 0.000010 0.000010 0.000010 0.639137 0.000010 0.002961 0.357842 0.000010
0.000010 0.000010 0.000010 0.000010 0.615825 0.000010 0.000010 0.384105 0.000010
0.000010 0.000010 0.000010 0.000010 0.646265 0.000010 0.000010 0.353665 0.000010
0.000010 0.000010 0.000010 0.000010 0.637611 0.000010 0.000010 0.362319 0.000010
0.000010 0.000010 0.000010 0.000010 0.657363 0.000010 0.000010 0.342567 0.000010
0.000010 0.000010 0.000010 0.000010 0.624616 0.000010 0.000010 0.375314 0.000010
0.000010 0.000010 0.000010 0.000010 0.603853 0.000010 0.000010 0.396077 0.000010
0.000010 0.000010 0.001204 0.000010 0.650225 0.000010 0.001409 0.347112 0.000010
0.000010 0.000010 0.000010 0.000010 0.650213 0.000010 0.000010 0.349717 0.000010
0.000010 0.000010 0.000010 0.000010 0.630692 0.000010 0.000010 0.369238 0.000010
0.000010 0.000010 0.000010 0.000010 0.608784 0.000010 0.000010 0.391146 0.000010
0.000010 0.000010 0.000010 0.000010 0.634920 0.000010 0.003994 0.361026 0.000010
0.000010 0.000010 0.000010 0.000010 0.616927 0.000010 0.000010 0.383003 0.000010
0.000010 0.000010 0.000010 0.000010 0.619235 0.000010 0.000012 0.380693 0.000010
0.000010 0.000010 0.000010 0.000010 0.662235 0.000010 0.000010 0.337695 0.000010
0.000010 0.000010 0.000010 0.000010 0.673024 0.000010 0.003434 0.323482 0.000010
0.000010 0.000010 0.000010 0.000011 0.660685 0.000010 0.000010 0.339244 0.000010
0.000010 0.000010 0.006247 0.000010 0.647059 0.000010 0.000010 0.346634 0.000010
0.000010 0.000010 0.000012 0.000010 0.670312 0.000010 0.000010 0.329616 0.000010
0.000010 0.000010 0.016033 0.000010 0.635489 0.000010 0.002665 0.345763 0.000010
0.000010 0.000010 0.000010 0.000010 0.693959 0.000010 0.000010 0.305971 0.000010
0.000010 0.000010 0.000010 0.000010 0.681374 0.000010 0.000010 0.318556 0.000010
0.000010 0.000010 0.000010 0.000010 0.596481 0.000010 0.000010 0.403449 0.000010
0.000010 0.000010 0.000010 0.000010 0.650349 0.000010 0.000010 0.349581 0.000010
0.000010 0.000010 0.000010 0.000010 0.652447 0.000010 0.000010 0.347483 0.000010
0.000010 0.000010 0.000010 0.000010 0.631817 0.000010 0.000010 0.368113 0.000010
0.000010 0.000010 0.001638 0.000010 0.656726 0.000010 0.000010 0.341576 0.000010
0.000010 0.000010 0.000010 0.000010 0.608140 0.000010 0.000010 0.391790 0.000010
0.000010 0.000010 0.000010 0.000010 0.663612 0.000010 0.000010 0.336318 0.000010
0.000010 0.000010 0.000010 0.000010 0.655647 0.000010 0.000010 0.344283 0.000010
0.000010 0.000010 0.000027 0.000010 0.675280 0.000010 0.001355 0.323288 0.000010
0.000010 0.000010 0.000010 0.000010 0.684821 0.000010 0.000010 0.315109 0.000010
0.000010 0.000010 0.002765 0.000010 0.654689 0.000010 0.000010 0.342485 0.000010
0.000010 0.000010 0.000010 0.000010 0.618341 0.000010 0.001845 0.379754 0.000010
0.000010 0.000010 0.001292 0.000010 0.651311 0.000010 0.000010 0.347337 0.000010
0.000010 0.000010 0.000010 0.000010 0.629655 0.000010 0.000010 0.370275 0.000010
0.000010 0.000010 0.000010 0.000010 0.680626 0.000010 0.000010 0.319304 0.000010
0.000010 0.000010 0.000010 0.000010 0.651061 0.000010 0.000010 0.348869 0.000010
0.000010 0.000010 0.000010 0.000010 0.629579 0.000010 0.000010 0.370351 0.000010
0.000010 0.000010 0.000010 0.000010 0.652000 0.000010 0.000277 0.347663 0.000010
0.000010 0.000010 0.000010 0.000010 0.670186 0.000010 0.000010 0.329744 0.000010
0.000010 0.000010 0.000010 0.000010 0.631167 0.000010 0.000010 0.368763 0.000010
0.000010 0.031748 0.000010 0.000010 0.000010 0.000010 0.000010 0.968182 0.000010
0.000010 0.009578 0.000010 0.000010 0.029133 0.000010 0.008849 0.952390 0.000010
0.000010 0.004094 0.000010 0.000010 0.190616 0.000010 0.000010 0.805230 0.000010
0.000010 0.026790 0.000010 0.000010 0.030162 0.000010 0.000010 0.942988 0.000010
0.000010 0.018314 0.000010 0.000010 0.023458 0.000010 0.012655 0.945523 0.000010
0.000010 0.026000 0.000010 0.000010 0.086052 0.000010 0.001014 0.886884 0.000010
0.000010 0.019028 0.000010 0.000010 0.061729 0.000010 0.009403 0.909790 0.000010
0.000010 0.026357 0.000010 0.000010 0.071126 0.000010 0.000010 0.902457 0.000010
0.000012 0.024222 0.018619 0.000010 0.305651 0.000018 0.000010 0.651448 0.000010
0.000010 0.014874 0.008378 0.000010 0.019890 0.000010 0.006337 0.950481 0.000010
0.000010 0.018381 0.008980 0.000010 0.000010 0.000010 0.000981 0.971608 0.000010
0.000010 0.021871 0.011122 0.000020 0.001311 0.000010 0.000017 0.965629 0.000010
0.000010 0.007458 0.000010 0.000018 0.018586 0.000010 0.007099 0.966799 0.000010
0.000010 0.021234 0.000010 0.000010 0.000010 0.000010 0.000020 0.978686 0.000010
0.000010 0.011702 0.000010 0.000010 0.084795 0.000010 0.000010 0.903443 0.000010
0.000010 0.010806 0.000010 0.000010 0.111806 0.000010 0.010881 0.863821 0.002647
0.000010 0.015471 0.000010 0.000010 0.201425 0.000010 0.000013 0.783042 0.000010
0.000010 0.000010 0.000010 0.000010 0.665440 0.000010 0.000010 0.334490 0.000010
0.000010 0.000010 0.000012 0.000010 0.682246 0.000010 0.000010 0.317682 0.000010
0.000010 0.000010 0.000052 0.000010 0.694284 0.000010 0.000010 0.305604 0.000010
0.000010 0.000010 0.000010 0.000010 0.664068 0.000010 0.000010 0.335862 0.000010
0.000010 0.000010 0.000010 0.000010 0.670086 0.000010 0.000010 0.329844 0.000010
0.000010 0.000010 0.000010 0.000010 0.714865 0.000010 0.000010 0.285065 0.000010
0.000010 0.000010 0.000010 0.000010 0.670633 0.000010 0.000010 0.329297 0.000010
0.000010 0.000010 0.000010 0.000010 0.655005 0.000010 0.000010 0.344925 0.000010
0.000010 0.000010 0.000010 0.000010 0.642861 0.000010 0.000010 0.357069 0.000010
0.000010 0.000010 0.002453 0.000010 0.634189 0.000010 0.000010 0.363298 0.000010
0.000010 0.000010 0.000010 0.000010 0.640193 0.000010 0.002713 0.357033 0.000010
0.000010 0.000010 0.000010 0.000010 0.675842 0.000010 0.000010 0.324088 0.000010
0.000010 0.000010 0.000014 0.000010 0.756108 0.000010 0.000010 0.243818 0.000010
0.000010 0.000010 0.000010 0.000010 0.673415 0.000010 0.000010 0.326515 0.000010
0.000010 0.000010 0.000010 0.000010 0.700287 0.000010 0.005196 0.294457 0.000010
0.000010 0.000010 0.000010 0.000010 0.670215 0.000010 0.000010 0.329715 0.000010
0.000010 0.000010 0.000010 0.000010 0.691381 0.000010 0.000320 0.308239 0.000010
0.000010 0.000010 0.000010 0.000010 0.642856 0.000010 0.000010 0.357074 0.000010
0.000010 0.000010 0.000010 0.000010 0.707944 0.000010 0.000010 0.291986 0.000010
0.000010 0.000010 0.000010 0.000010 0.682546 0.000010 0.000010 0.315950 0.001444
0.000010 0.000010 0.000010 0.000010 0.687750 0.000010 0.000075 0.312115 0.000010
0.000010 0.000010 0.000010 0.000010 0.672320 0.000010 0.000010 0.327610 0.000010
0.000010 0.000010 0.000010 0.000010 0.657483 0.000010 0.000010 0.342447 0.000010
0.000010 0.000010 0.000010 0.000010 0.679482 0.000010 0.000010 0.320448 0.000010
0.000010 0.000010 0.000010 0.000010 0.696086 0.000010 0.000010 0.303844 0.000010
0.000010 0.000010 0.000010 0.000010 0.658750 0.000010 0.000010 0.341180 0.000010
0.000010 0.000010 0.000010 0.000010 0.712902 0.000010 0.000010 0.287028 0.000010
0.000010 0.000010 0.000010 0.000010 0.662096 0.000010 0.000010 0.337834 0.000010
0.000010 0.000010 0.000010 0.000010 0.667018 0.000010 0.000010 0.332912 0.000010
0.000010 0.000010 0.000010 0.000010 0.655827 0.000010 0.000010 0.344103 0.000010
0.000010 0.000010 0.000010 0.000010 0.650042 0.000010 0.000010 0.349888 0.000010
0.000010 0.014806 0.006165 0.000010 0.055009 0.000010 0.004138 0.919842 0.000010
0.000010 0.029370 0.000012 0.000010 0.000010 0.000010 0.000010 0.970559 0.000010
0.000010 0.000010 0.000010 0.000010 0.122999 0.000010 0.000010 0.876079 0.000862
0.000010 0.000010 0.000010 0.000010 0.000010 0.000010 0.004592 0.988803 0.006545
0.000010 0.027071 0.000010 0.000010 0.000010 0.000010 0.000010 0.968325 0.004544
0.000010 0.000010 0.000010 0.000010 0.000010 0.000010 0.008048 0.970331 0.021561
0.000010 0.017368 0.000010 0.000010 0.155785 0.000010 0.000010 0.826787 0.000010
0.000010 0.014603 0.000010 0.000010 0.094651 0.000010 0.002067 0.888630 0.000010
0.000010 0.006607 0.002380 0.000011 0.189848 0.000010 0.008400 0.792180 0.000554
0.000010 0.018207 0.000010 0.000010 0.006963 0.000010 0.004883 0.969897 0.000010
0.000010 0.000010 0.000010 0.000010 0.254828 0.000010 0.007353 0.737759 0.000010
0.000010 0.000010 0.000016 0.000010 0.000391 0.000010 0.001256 0.993031 0.005265
0.000010 0.005364 0.000010 0.000010 0.043432 0.000010 0.000010 0.932991 0.018163
0.000010 0.000010 0.000010 0.000010 0.052954 0.000010 0.003966 0.925509 0.017520
0.000010 0.008445 0.019166 0.000010 0.046600 0.000010 0.000010 0.925739 0.000010
0.000010 0.010182 0.007446 0.000010 0.049281 0.000010 0.000010 0.933041 0.000010
0.000010 0.019470 0.000010 0.000010 0.000010 0.000010 0.000010 0.980460 0.000010
0.000010 0.010831 0.000010 0.000010 0.000010 0.000010 0.002035 0.987073 0.000010
0.000010 0.013623 0.000010 0.000010 0.000010 0.000010 0.005005 0.981312 0.000010
0.000010 0.013831 0.000010 0.000010 0.000010 0.000010 0.000010 0.986099 0.000010
0.000010 0.012950 0.007113 0.000010 0.173796 0.000010 0.000010 0.804978 0.001124
0.000010 0.023592 0.001956 0.000010 0.100065 0.000010 0.000010 0.870430 0.003918
0.000010 0.011516 0.000010 0.000015 0.040611 0.000010 0.000010 0.937108 0.010710
0.000010 0.000010 0.000010 0.000010 0.119927 0.000010 0.000153 0.879860 0.000010
0.000010 0.000010 0.000010 0.000010 0.258965 0.000010 0.009367 0.731609 0.000010
0.000010 0.026702 0.000010 0.000010 0.000010 0.000010 0.000016 0.973221 0.000010
0.000010 0.013012 0.000010 0.000010 0.092070 0.000010 0.004486 0.890383 0.000010
0.000010 0.001726 0.000010 0.000010 0.126942 0.000010 0.000010 0.869745 0.001536
0.000010 0.000010 0.000010 0.000010 0.007011 0.000010 0.000010 0.976601 0.016328
0.000010 0.024373 0.000010 0.000010 0.143596 0.000010 0.000010 0.831970 0.000010
0.000010 0.004006 0.000010 0.000010 0.028203 0.000010 0.000010 0.950748 0.016992
0.000010 0.003735 0.000010 0.000010 0.000010 0.000010 0.000010 0.982950 0.013255
0.000010 0.011665 0.000010 0.000010 0.000010 0.000010 0.005738 0.982537 0.000010
0.000010 0.021849 0.000010 0.000010 0.000010 0.000010 0.000010 0.978081 0.000010
0.000010 0.009957 0.000010 0.000010 0.008432 0.000010 0.000010 0.981551 0.000010
0.000010 0.015888 0.000010 0.000010 0.025838 0.000010 0.001923 0.953295 0.003016
0.000010 0.000705 0.000010 0.000010 0.068720 0.000010 0.000010 0.930515 0.000010
0.000010 0.002623 0.000014 0.000010 0.145803 0.000010 0.000010 0.851510 0.000010
0.000010 0.019787 0.000010 0.000010 0.128815 0.000010 0.001391 0.849957 0.000010
0.000010 0.010091 0.000010 0.000010 0.148831 0.000010 0.010167 0.830861 0.000010
0.000010 0.018831 0.000010 0.000010 0.149168 0.000010 0.011704 0.820247 0.000010
0.000010 0.000952 0.000010 0.000010 0.156242 0.000010 0.000010 0.838332 0.004425
0.000010 0.014074 0.000010 0.000010 0.069202 0.000010 0.000010 0.916664 0.000010
0.000010 0.027600 0.000010 0.000010 0.077132 0.000010 0.000010 0.895207 0.000010
0.000010 0.000010 0.000010 0.000010 0.182062 0.000010 0.012518 0.805360 0.000010
0.000010 0.000802 0.000010 0.000010 0.061826 0.000010 0.004954 0.932367 0.000010
0.000010 0.022337 0.000010 0.000010 0.136370 0.000010 0.000010 0.841233 0.000010
0.000010 0.019370 0.015661 0.000010 0.312777 0.006886 0.000010 0.640531 0.004745
0.000010 0.024719 0.000998 0.000010 0.023921 0.000010 0.000010 0.950312 0.000010
0.000010 0.005524 0.000010 0.000010 0.000010 0.000010 0.000010 0.989841 0.004575
0.000010 0.000017 0.000010 0.000010 0.346066 0.000010 0.002989 0.648772 0.002116
0.000010 0.019467 0.000010 0.000018 0.088331 0.000010 0.001122 0.888755 0.002278
0.000010 0.000010 0.000010 0.000010 0.126468 0.000010 0.000010 0.863392 0.010080
0.000010 0.003909 0.000010 0.000010 0.008474 0.000010 0.003522 0.968898 0.015156
0.000010 0.000010 0.000010 0.000010 0.319469 0.000010 0.000010 0.680461 0.000010
0.000010 0.000010 0.000010 0.000010 0.069686 0.000010 0.000010 0.909370 0.020884
0.000010 0.000010 0.000010 0.000010 0.069282 0.000010 0.000010 0.909876 0.020783
0.000010 0.012407 0.000017 0.000010 0.150924 0.000010 0.000010 0.836602 0.000010
0.000010 0.003970 0.000010 0.000017 0.102893 0.000010 0.000010 0.882035 0.011045
0.000010 0.009724 0.000010 0.000010 0.099234 0.000010 0.002259 0.888733 0.000010
0.000010 0.005076 0.000010 0.000010 0.000010 0.000010 0.002700 0.992164 0.000010
0.000010 0.003713 0.010062 0.000010 0.113784 0.000010 0.001343 0.866968 0.004099
0.000010 0.017793 0.000010 0.000010 0.000010 0.000010 0.000010 0.982137 0.000010
0.000010 0.018882 0.000010 0.000010 0.083890 0.000010 0.001972 0.895205 0.000010
0.000010 0.000010 0.000010 0.000010 0.079912 0.000010 0.000010 0.902149 0.017879
0.000010 0.000010 0.000010 0.000010 0.000010 0.000010 0.006605 0.993325 0.000010
0.000010 0.018210 0.001407 0.000010 0.052923 0.000010 0.000516 0.926904 0.000010
0.000010 0.032366 0.000010 0.000010 0.120653 0.000010 0.004353 0.842578 0.000010
0.000010 0.014772 0.000010 0.000010 0.000010 0.000010 0.009534 0.975633 0.000010
0.000010 0.002565 0.005271 0.000010 0.002820 0.000010 0.015357 0.972360 0.001596
0.000010 0.001389 0.000010 0.000010 0.052821 0.000010 0.007722 0.938019 0.000010
0.000010 0.018832 0.000010 0.000010 0.036630 0.000010 0.000011 0.944478 0.000010
0.000010 0.000010 0.000010 0.000010 0.014555 0.000010 0.007348 0.975639 0.002408
0.000010 0.002648 0.000010 0.000010 0.158879 0.000010 0.000010 0.836260 0.002163
0.000010 0.025762 0.000010 0.000010 0.043147 0.000010 0.000010 0.931031 0.000010
0.000010 0.000010 0.002944 0.000010 0.091275 0.000010 0.000010 0.901601 0.004131
0.000010 0.010186 0.000010 0.000010 0.280955 0.000010 0.000010 0.708799 0.000010
0.000010 0.014195 0.000010 0.000010 0.074320 0.000010 0.000010 0.911424 0.000010
0.000010 0.009472 0.000010 0.000010 0.000010 0.000010 0.010793 0.979675 0.000010
0.000010 0.012154 0.000010 0.000010 0.000010 0.000010 0.000010 0.987776 0.000010
0.000010 0.015721 0.000010 0.000010 0.068841 0.000010 0.000010 0.909064 0.006325
0.000010 0.420380 0.000010 0.000010 0.000010 0.000010 0.000010 0.000010 0.579550
0.000010 0.407774 0.000010 0.000010 0.000010 0.000010 0.000010 0.000010 0.592156
0.000010 0.393487 0.000010 0.000010 0.000010 0.000010 0.000010 0.000010 0.606442
0.000010 0.419741 0.000010 0.000010 0.000010 0.000010 0.000010 0.000010 0.580189
0.000011 0.435145 0.000010 0.000010 0.000011 0.000010 0.002416 0.000010 0.562377
0.000010 0.396264 0.000010 0.000010 0.000010 0.000010 0.000010 0.000010 0.603666
0.000010 0.393924 0.000010 0.000010 0.000011 0.000010 0.000010 0.000010 0.606005
0.000010 0.416410 0.000010 0.000010 0.000010 0.000010 0.000016 0.000010 0.583514
0.000010 0.411959 0.000010 0.000010 0.000010 0.000010 0.000010 0.000010 0.587971
0.000010 0.404003 0.000010 0.000010 0.000010 0.000010 0.000010 0.000010 0.595927
0.000010 0.393277 0.000010 0.000010 0.000010 0.000010 0.000010 0.000010 0.606653
0.000010 0.430659 0.000010 0.000010 0.000010 0.000010 0.000010 0.000010 0.569271
0.000010 0.400320 0.000010 0.000010 0.000010 0.000010 0.000010 0.000010 0.599610
0.000010 0.398289 0.000010 0.000010 0.000010 0.000010 0.000010 0.000010 0.601641
0.000010 0.427401 0.000010 0.000011 0.000010 0.000010 0.000010 0.000010 0.572528
0.000010 0.415852 0.000010 0.000010 0.000010 0.000010 0.000010 0.000010 0.584078
0.000010 0.404067 0.000010 0.000010 0.000010 0.000010 0.000991 0.000010 0.594882
0.000010 0.405588 0.000010 0.000010 0.000010 0.000010 0.000010 0.000010 0.594342
0.000010 0.440819 0.000010 0.000010 0.000010 0.000010 0.000010 0.000010 0.559111
0.000010 0.430561 0.000010 0.000010 0.000011 0.000010 0.000010 0.000010 0.569368
0.000010 0.411200 0.000010 0.000010 0.000010 0.000010 0.000010 0.000010 0.588730
0.000010 0.401821 0.000010 0.000010 0.000010 0.000010 0.000010 0.000010 0.598109
0.000010 0.416579 0.000010 0.000010 0.000010 0.000010 0.000010 0.000010 0.583351
0.000012 0.419654 0.000019 0.000010 0.000010 0.000010 0.005182 0.000010 0.575093
0.000010 0.435806 0.000010 0.000010 0.000010 0.000010 0.000010 0.000010 0.564124
0.000010 0.405939 0.000010 0.000010 0.000010 0.000010 0.000010 0.000010 0.593991
0.000010 0.460891 0.000010 0.000010 0.000010 0.000010 0.000010 0.000010 0.539039
0.000010 0.381997 0.000010 0.000010 0.000010 0.000010 0.000010 0.000010 0.617933
0.000010 0.429278 0.000010 0.000010 0.000011 0.000010 0.000010 0.000010 0.570652
0.000010 0.426644 0.000010 0.000010 0.000010 0.000010 0.000010 0.000010 0.573286
0.000010 0.491457 0.000010 0.000010 0.000010 0.000010 0.000010 0.000010 0.508473
0.000010 0.364979 0.000010 0.000010 0.000011 0.000010 0.000010 0.000010 0.634950
0.000010 0.418953 0.000010 0.000010 0.000010 0.000010 0.000010 0.000010 0.580977
0.000010 0.432647 0.000010 0.000010 0.000010 0.000010 0.000010 0.000010 0.567283
0.000010 0.449907 0.000010 0.000010 0.000010 0.000010 0.000010 0.000010 0.550023
0.000010 0.375472 0.000010 0.000010 0.000010 0.000010 0.000010 0.000010 0.624458
0.000010 0.394077 0.000010 0.000010 0.000010 0.000010 0.000010 0.000010 0.605853
0.000010 0.431258 0.000010 0.000010 0.000010 0.000010 0.000010 0.000010 0.568672
0.000010 0.394513 0.000010 0.000010 0.000010 0.000010 0.000010 0.000010 0.605417
0.000010 0.426783 0.000010 0.000010 0.000010 0.000010 0.000010 0.000010 0.573147
0.000010 0.450950 0.000010 0.000010 0.000010 0.000010 0.000010 0.000010 0.548980
0.000010 0.370783 0.000010 0.000010 0.000010 0.000010 0.000010 0.000010 0.629147
0.050016 0.011947 0.000010 0.022515 0.747206 0.017452 0.150834 0.000010 0.000010
0.103569 0.011844 0.000010 0.054210 0.614017 0.021751 0.194579 0.000010 0.000010
0.033459 0.015096 0.008757 0.000010 0.763985 0.042977 0.129719 0.000763 0.005233
0.000010 0.438054 0.000010 0.000010 0.000010 0.000010 0.000010 0.000010 0.561876
0.000010 0.433879 0.000010 0.000010 0.000010 0.000010 0.000010 0.000010 0.566051
0.000010 0.525838 0.000010 0.000010 0.000010 0.000010 0.000010 0.000010 0.474092
0.000010 0.434189 0.000010 0.000010 0.000010 0.000010 0.000010 0.000010 0.565741
0.000010 0.457793 0.000010 0.000010 0.000010 0.000010 0.000010 0.000010 0.542137
0.000010 0.413920 0.000010 0.000010 0.000010 0.000010 0.000010 0.000010 0.586010
0.000010 0.474738 0.000010 0.000010 0.000010 0.000010 0.000010 0.000010 0.525192
0.000010 0.472178 0.000010 0.000010 0.000010 0.000010 0.000010 0.000010 0.527752
0.000010 0.316848 0.000010 0.000010 0.000010 0.000010 0.000010 0.000010 0.683082
0.000010 0.448887 0.000010 0.000010 0.000010 0.000010 0.000010 0.000010 0.551043
0.000010 0.473711 0.000010 0.000010 0.000010 0.000010 0.000010 0.000010 0.526219
0.000010 0.380777 0.008594 0.000010 0.000010 0.000010 0.000010 0.000010 0.610569
0.000010 0.650245 0.000010 0.000010 0.000010 0.000010 0.003769 0.014571 0.331364
0.000010 0.455954 0.000010 0.000010 0.000010 0.000010 0.000010 0.000010 0.543976
0.000010 0.454320 0.000010 0.000010 0.000010 0.000010 0.000010 0.000010 0.545610
0.000010 0.482520 0.000010 0.000010 0.000010 0.000010 0.000010 0.000010 0.517410
0.000010 0.400647 0.000010 0.000010 0.000010 0.000010 0.000010 0.000010 0.599283
0.000010 0.501114 0.000010 0.000010 0.000010 0.000010 0.000010 0.000010 0.498816
0.000010 0.456452 0.000010 0.000010 0.000010 0.000010 0.000010 0.000010 0.543478
0.000010 0.408502 0.000010 0.000010 0.000010 0.000010 0.000010 0.000010 0.591428
0.000010 0.426285 0.000010 0.000010 0.000010 0.000010 0.000010 0.000010 0.573645
0.000010 0.490387 0.000010 0.000010 0.000010 0.000010 0.000010 0.000010 0.509543
0.000010 0.431197 0.000010 0.000010 0.000010 0.000010 0.000010 0.000010 0.568733
0.000010 0.434903 0.000010 0.000010 0.000010 0.000010 0.000010 0.000010 0.565027
0.000010 0.461848 0.000010 0.000010 0.000010 0.000010 0.000010 0.000010 0.538082
0.000010 0.409974 0.000010 0.000010 0.000010 0.000010 0.000010 0.000010 0.589955
0.007553 0.409764 0.000010 0.001410 0.010487 0.007292 0.000010 0.000010 0.563463
0.000010 0.454636 0.000010 0.000010 0.000010 0.000010 0.000010 0.000010 0.545294
0.000010 0.357907 0.000010 0.000010 0.000010 0.000010 0.003164 0.000010 0.638868
0.000010 0.461689 0.000010 0.000010 0.000010 0.000010 0.000010 0.000010 0.538241
0.000010 0.402378 0.000010 0.000010 0.000010 0.000010 0.000010 0.000010 0.597552
0.000010 0.450156 0.000010 0.000010 0.000010 0.000010 0.000010 0.000010 0.549773
0.000010 0.448697 0.000010 0.000010 0.000010 0.000010 0.000010 0.000010 0.551233
0.000010 0.429948 0.000010 0.000010 0.000010 0.000010 0.000010 0.000010 0.569982
0.000010 0.421113 0.000010 0.000010 0.000010 0.000010 0.000010 0.000010 0.578817
0.087870 0.023799 0.000045 0.023047 0.673891 0.042266 0.139093 0.009979 0.000010
0.084035 0.014393 0.006324 0.028001 0.654884 0.059130 0.153213 0.000010 0.000010
0.054646 0.002526 0.006072 0.006592 0.787101 0.012453 0.117957 0.000010 0.012643
0.039146 0.015104 0.006035 0.017577 0.727365 0.019641 0.168041 0.000010 0.007079
0.000010 0.276292 0.000010 0.000010 0.000010 0.000010 0.000010 0.000010 0.723638
0.000010 0.322706 0.000010 0.000010 0.000010 0.000010 0.000010 0.000010 0.677224
0.000010 0.297375 0.000010 0.000010 0.000010 0.000010 0.000010 0.000010 0.702555
0.000010 0.333099 0.000010 0.000010 0.000010 0.000010 0.000010 0.000010 0.666831
0.000010 0.292383 0.000010 0.000010 0.001637 0.000010 0.000010 0.000010 0.705921
0.000010 0.327622 0.000010 0.000010 0.000010 0.000010 0.000010 0.000010 0.672308
0.000010 0.324173 0.000010 0.000010 0.000010 0.000010 0.000010 0.000010 0.675757
0.000010 0.266332 0.000010 0.000010 0.000010 0.000010 0.000010 0.000010 0.733598
0.000010 0.313478 0.000010 0.000010 0.000010 0.000010 0.000010 0.000010 0.686452
0.000010 0.281906 0.000010 0.000010 0.000501 0.000010 0.004450 0.000010 0.713093
0.000011 0.281811 0.000010 0.000010 0.000010 0.000010 0.000019 0.000010 0.718109
0.000010 0.309335 0.000010 0.000010 0.000010 0.000010 0.000010 0.000010 0.690595
0.000010 0.315362 0.000010 0.000010 0.000010 0.000010 0.000010 0.000010 0.684568
0.000010 0.307848 0.000010 0.000010 0.000010 0.000010 0.000010 0.000010 0.692082
0.000010 0.318656 0.000010 0.000011 0.000010 0.000010 0.000010 0.000010 0.681274
0.000010 0.271583 0.000010 0.000010 0.000010 0.000010 0.000010 0.000010 0.728347
0.000010 0.284333 0.000010 0.000010 0.000010 0.000010 0.003559 0.000010 0.712048
0.000010 0.329622 0.000010 0.000010 0.000010 0.000010 0.000010 0.000010 0.670308
0.000011 0.319614 0.000010 0.000010 0.000010 0.000010 0.000010 0.000010 0.680316
0.000010 0.342732 0.000010 0.000010 0.000010 0.000010 0.000010 0.000010 0.657198
0.000010 0.339830 0.000010 0.000010 0.000010 0.000010 0.002876 0.000010 0.657234
0.000010 0.304326 0.000010 0.000010 0.000010 0.000010 0.000010 0.000010 0.695604
0.000010 0.305703 0.000010 0.000010 0.000010 0.000010 0.000010 0.000010 0.694227
0.000010 0.294957 0.000010 0.000010 0.000010 0.000010 0.000010 0.000010 0.704973
0.000010 0.301535 0.000010 0.000010 0.000010 0.000010 0.000010 0.000010 0.698395
0.000010 0.308508 0.000010 0.000010 0.000010 0.000010 0.000010 0.000010 0.691422
0.000010 0.273974 0.000010 0.000010 0.000010 0.000010 0.000010 0.000010 0.725956
0.000010 0.306111 0.000010 0.000010 0.000010 0.000010 0.000010 0.000010 0.693819
0.005782 0.003409 0.001217 0.000010 0.874222 0.017506 0.093433 0.001666 0.002755
0.031900 0.019012 0.000010 0.018510 0.791140 0.000010 0.139399 0.000010 0.000010
0.028647 0.000010 0.000010 0.001271 0.658343 0.085118 0.196394 0.011193 0.019014
0.017471 0.000010 0.000010 0.043283 0.767283 0.000010 0.125532 0.046391 0.000010
0.053522 0.005561 0.000010 0.013004 0.780882 0.013496 0.109296 0.019547 0.004682
0.009615 0.000010 0.001799 0.025144 0.698136 0.011645 0.061011 0.192630 0.000010
0.058840 0.008627 0.000010 0.021719 0.707493 0.040052 0.163240 0.000010 0.000010
0.055240 0.000010 0.000010 0.010513 0.844452 0.001821 0.071763 0.016180 0.000010
0.051635 0.016017 0.000010 0.006507 0.676129 0.019570 0.226143 0.000010 0.003980
0.000011 0.019540 0.004842 0.000010 0.000010 0.000010 0.000011 0.000010 0.975556
0.000010 0.000010 0.000010 0.000010 0.000010 0.000010 0.000010 0.000010 0.999920
0.000012 0.000010 0.000010 0.000010 0.000010 0.000010 0.000572 0.000010 0.999356
0.000010 0.000010 0.000010 0.000010 0.000010 0.000010 0.000010 0.000010 0.999920
0.000010 0.027903 0.010941 0.000010 0.000010 0.000010 0.000010 0.000010 0.961096
0.000010 0.033864 0.000010 0.000010 0.000010 0.000010 0.000010 0.000010 0.966066
0.000013 0.024360 0.000010 0.000011 0.000010 0.000010 0.000010 0.000010 0.975566
0.000010 0.000010 0.000010 0.000010 0.000010 0.000010 0.000010 0.000010 0.999920
0.000010 0.089844 0.000010 0.000010 0.000010 0.000010 0.000010 0.000010 0.910086
0.000010 0.092979 0.003092 0.000010 0.000010 0.000010 0.001334 0.000010 0.902545
0.000012 0.022627 0.000010 0.000010 0.000010 0.000010 0.000010 0.000010 0.977300
0.000010 0.002242 0.000010 0.000010 0.000010 0.000010 0.000010 0.000010 0.997688
0.000010 0.010983 0.000010 0.000010 0.000010 0.000010 0.000012 0.000010 0.988945
0.000010 0.000010 0.000010 0.000010 0.000010 0.000010 0.000010 0.000010 0.999920
0.000010 0.000010 0.000010 0.000010 0.000010 0.000010 0.000010 0.000010 0.999920
0.037566 0.000010 0.003441 0.013884 0.776682 0.029316 0.105544 0.028387 0.005169
0.033716 0.009760 0.000010 0.052592 0.707870 0.020036 0.153567 0.020798 0.001651
0.103592 0.000010 0.000010 0.040781 0.604621 0.085892 0.136433 0.024348 0.004313
0.090439 0.000010 0.014741 0.033277 0.546330 0.092042 0.204762 0.016707 0.001692
0.068897 0.000010 0.005697 0.065008 0.557769 0.106696 0.175999 0.000010 0.019913
0.046585 0.016466 0.002225 0.010868 0.747583 0.003360 0.172893 0.000010 0.000010
0.074053 0.010775 0.000010 0.017390 0.735167 0.034036 0.106227 0.022334 0.000010
0.071836 0.000010 0.006808 0.027503 0.665308 0.023152 0.156009 0.040161 0.009214
0.030012 0.000010 0.000010 0.001068 0.738370 0.059167 0.122701 0.030270 0.018393
0.030151 0.007574 0.000010 0.010604 0.780098 0.023094 0.148448 0.000010 0.000010
0.093428 0.000010 0.000010 0.062117 0.499970 0.192840 0.142692 0.000010 0.008923
0.044509 0.012684 0.000010 0.024193 0.693035 0.100167 0.116674 0.004674 0.004054
0.047074 0.000010 0.000010 0.025650 0.746002 0.000010 0.132835 0.037644 0.010766
0.058364 0.016498 0.000010 0.032121 0.741631 0.000010 0.151346 0.000010 0.000010
0.033081 0.000010 0.004968 0.043896 0.737511 0.007167 0.173346 0.000010 0.000010
0.060711 0.000010 0.007297 0.000010 0.772651 0.001467 0.156640 0.000010 0.001203
0.033128 0.000010 0.000953 0.040929 0.753548 0.011161 0.157880 0.000010 0.002381
0.034208 0.011556 0.000010 0.049132 0.748822 0.000010 0.154651 0.000010 0.001600
0.043410 0.013975 0.020304 0.000010 0.773198 0.053644 0.066287 0.029162 0.000010
0.105521 0.015059 0.000010 0.025145 0.581188 0.064297 0.187740 0.019990 0.001051
0.060945 0.008129 0.001587 0.035917 0.670477 0.081746 0.141180 0.000010 0.000010
0.003784 0.000010 0.000010 0.022367 0.683842 0.063389 0.216925 0.000010 0.009662
0.063375 0.000051 0.000010 0.020291 0.604150 0.126814 0.149297 0.011888 0.024124
0.027979 0.000010 0.000010 0.000010 0.720695 0.067794 0.172475 0.000010 0.011017
0.061601 0.000010 0.000010 0.026045 0.728389 0.030763 0.136405 0.000231 0.016546
0.025159 0.009880 0.005967 0.027153 0.664973 0.077609 0.189239 0.000010 0.000010
0.095722 0.000010 0.000010 0.020538 0.625549 0.072515 0.123009 0.046528 0.016119
0.039902 0.002485 0.012715 0.032081 0.663825 0.067162 0.151943 0.029877 0.000010
0.132447 0.000010 0.016696 0.000010 0.592701 0.111027 0.137271 0.000010 0.009828
0.056704 0.000010 0.000010 0.027759 0.712428 0.046664 0.139402 0.010378 0.006645
0.027876 0.002454 0.010615 0.031944 0.705720 0.049121 0.144557 0.015226 0.012487
0.058556 0.007071 0.000010 0.044331 0.726155 0.000010 0.163848 0.000010 0.000010
0.051736 0.002354 0.000010 0.014505 0.754470 0.023579 0.141658 0.000010 0.011678
0.032832 0.000010 0.000010 0.070614 0.662926 0.050548 0.183041 0.000010 0.000010
0.113003 0.000010 0.000010 0.018320 0.643669 0.047071 0.127878 0.047759 0.002279
0.053819 0.000010 0.000010 0.021961 0.764234 0.014410 0.130534 0.000010 0.015012
0.045223 0.011746 0.000010 0.017903 0.767644 0.022758 0.084897 0.049809 0.000010
0.049968 0.000010 0.000010 0.047423 0.651650 0.127433 0.117565 0.000010 0.005930
0.066818 0.000010 0.000010 0.043644 0.672370 0.027884 0.152888 0.036366 0.000010
0.085685 0.008353 0.000010 0.008717 0.710690 0.025547 0.153557 0.007432 0.000010
0.000010 0.003854 0.010755 0.023684 0.860845 0.000010 0.080737 0.020096 0.000010
0.000010 0.004316 0.000010 0.003121 0.680365 0.000010 0.294632 0.004479 0.013057
0.000010 0.019096 0.000010 0.017552 0.786556 0.018140 0.128004 0.030622 0.000010
0.000010 0.015368 0.006670 0.002191 0.574766 0.037696 0.306894 0.056396 0.000010
0.026634 0.000010 0.000010 0.014217 0.647972 0.027204 0.237212 0.046730 0.000010
0.079686 0.003069 0.011502 0.000610 0.502047 0.055262 0.306805 0.041009 0.000010
0.054264 0.000010 0.001004 0.035070 0.628313 0.000010 0.265945 0.006832 0.008553
0.006851 0.003954 0.000010 0.028766 0.645380 0.029043 0.264257 0.021730 0.000010
0.000010 0.013573 0.000010 0.019008 0.664562 0.042269 0.260548 0.000010 0.000010
0.006789 0.000010 0.000010 0.010948 0.757657 0.004230 0.171833 0.036363 0.012158
0.047302 0.000117 0.000010 0.065711 0.602443 0.020025 0.238990 0.016640 0.008761
0.071766 0.007318 0.000010 0.016851 0.593292 0.000010 0.282984 0.026882 0.000887
0.000010 0.000010 0.000010 0.005387 0.602559 0.012082 0.358669 0.000398 0.020875
0.042907 0.000010 0.000010 0.025268 0.505398 0.114566 0.297862 0.013969 0.000010
0.035151 0.005413 0.025554 0.000010 0.635054 0.000010 0.275005 0.023792 0.000010
0.066644 0.000010 0.005060 0.002081 0.437409 0.108223 0.368054 0.000010 0.012508
0.008804 0.000010 0.000010 0.000010 0.623405 0.042893 0.271864 0.052995 0.000010
0.045145 0.000010 0.000010 0.039548 0.429574 0.017691 0.446588 0.002347 0.019087
0.076721 0.000010 0.000010 0.033454 0.647910 0.058583 0.174943 0.000010 0.008358
0.090072 0.006716 0.015081 0.014311 0.706625 0.000010 0.162173 0.005002 0.000010
0.070806 0.009268 0.000010 0.018011 0.758276 0.011007 0.132602 0.000010 0.000010
0.122569 0.010582 0.000010 0.041339 0.547057 0.077706 0.138888 0.052214 0.009635
0.000075 0.009005 0.035292 0.014413 0.864605 0.013659 0.062929 0.000010 0.000010
0.039333 0.006294 0.001137 0.031324 0.661989 0.058546 0.169097 0.032270 0.000010
0.039388 0.016687 0.004576 0.058814 0.600455 0.093162 0.143786 0.043123 0.000010
0.021149 0.000010 0.000010 0.003807 0.863376 0.039435 0.057970 0.000010 0.014233
0.020948 0.000010 0.000010 0.037215 0.754532 0.004406 0.134021 0.047744 0.001114
0.029546 0.000010 0.000010 0.017278 0.706607 0.050844 0.171560 0.017073 0.007072
0.040269 0.023706 0.003370 0.000010 0.707650 0.033682 0.191293 0.000010 0.000010
0.114696 0.017160 0.003971 0.020254 0.647473 0.012180 0.145945 0.036605 0.001716
0.074373 0.004612 0.000010 0.034717 0.692716 0.013391 0.180160 0.000010 0.000010
0.106683 0.000010 0.000010 0.073668 0.539718 0.034450 0.240877 0.000010 0.004574
0.081730 0.030214 0.000010 0.060919 0.536438 0.083066 0.207604 0.000010 0.000010
0.078396 0.009383 0.004264 0.018805 0.605888 0.059809 0.221299 0.000010 0.002145
0.055392 0.003923 0.012497 0.030235 0.647923 0.006307 0.211459 0.029163 0.003102
0.036349 0.000010 0.000010 0.000010 0.764903 0.026962 0.163559 0.000010 0.008187
0.085933 0.005222 0.000010 0.000010 0.649737 0.104325 0.154744 0.000010 0.000010
0.037600 0.010333 0.000010 0.005525 0.834908 0.002509 0.109095 0.000010 0.000010
0.027012 0.016790 0.000010 0.000010 0.739117 0.074268 0.116767 0.018341 0.007685
0.065964 0.000010 0.000010 0.000010 0.729063 0.046265 0.123042 0.022467 0.013170
0.047836 0.011203 0.000010 0.029054 0.594375 0.117379 0.178504 0.021629 0.000010
0.032066 0.000010 0.018711 0.027556 0.750057 0.052828 0.112769 0.000010 0.005994
0.049192 0.018516 0.005973 0.014005 0.558591 0.006187 0.318956 0.028570 0.000010
0.021084 0.017825 0.004642 0.000010 0.677741 0.000010 0.258454 0.019444 0.000789
0.004345 0.000010 0.007182 0.011099 0.669972 0.030119 0.261276 0.010955 0.005042
0.091155 0.005694 0.000010 0.000010 0.491606 0.093666 0.298989 0.017014 0.001857
0.000010 0.014940 0.005917 0.000010 0.774275 0.005713 0.183922 0.015203 0.000010
0.014423 0.000010 0.016358 0.000010 0.617894 0.000010 0.312230 0.038367 0.000698
0.019775 0.006172 0.000010 0.000010 0.793660 0.002353 0.125900 0.040353 0.011765
0.030288 0.008508 0.000010 0.039504 0.542368 0.059886 0.319416 0.000010 0.000010
0.048759 0.000010 0.000010 0.000010 0.636333 0.026262 0.278090 0.000010 0.010516
0.045645 0.000010 0.000010 0.035558 0.643336 0.000010 0.269454 0.001272 0.004705
0.090923 0.021945 0.000010 0.051660 0.490132 0.045002 0.300309 0.000010 0.000010
0.011190 0.000011 0.000252 0.000010 0.583372 0.000010 0.370024 0.032415 0.002717
0.000010 0.001959 0.008379 0.017333 0.679433 0.000010 0.289702 0.000010 0.003164
0.024232 0.000010 0.000010 0.000918 0.678045 0.004704 0.261603 0.009225 0.021252
0.054025 0.000010 0.009025 0.001231 0.676811 0.010525 0.235626 0.000010 0.012738
0.079508 0.000010 0.004335 0.030974 0.597745 0.126398 0.150177 0.002655 0.008198
0.063354 0.011072 0.001862 0.046995 0.655739 0.025142 0.195815 0.000010 0.000010
0.080026 0.015104 0.000010 0.029176 0.660298 0.021974 0.184976 0.000010 0.008425
0.058558 0.000010 0.000010 0.040874 0.622235 0.053461 0.189037 0.026552 0.009264
0.111682 0.015169 0.000741 0.005130 0.595892 0.117319 0.154041 0.000016 0.000010
0.023431 0.001696 0.010383 0.034372 0.764620 0.035009 0.093537 0.022453 0.014500
0.033973 0.003610 0.000010 0.037986 0.721178 0.057257 0.145687 0.000010 0.000290
0.060821 0.019931 0.000010 0.009920 0.693461 0.049851 0.165987 0.000010 0.000010
0.055574 0.008142 0.000010 0.000010 0.709015 0.083035 0.103996 0.040208 0.000010
0.039780 0.011709 0.000010 0.015375 0.684849 0.045175 0.203082 0.000010 0.000010
0.000010 0.000010 0.002954 0.000010 0.658767 0.000010 0.000010 0.334001 0.004228
0.000010 0.015362 0.000338 0.000010 0.380409 0.000010 0.599163 0.000010 0.004687
0.093978 0.000890 0.000010 0.083772 0.354564 0.190149 0.231632 0.040992 0.004011
0.026130 0.000010 0.000010 0.000010 0.490450 0.000010 0.409551 0.073820 0.000010
0.031471 0.000736 0.000010 0.018612 0.666795 0.000010 0.232850 0.029339 0.020178
0.003714 0.002589 0.011304 0.000010 0.530580 0.033590 0.404803 0.000010 0.013400
0.001112 0.009651 0.007729 0.002199 0.462903 0.064380 0.390140 0.061875 0.000010
0.000010 0.000010 0.000010 0.013294 0.654749 0.000010 0.309826 0.021700 0.000391
0.004561 0.000010 0.000010 0.013025 0.746864 0.013078 0.209256 0.013115 0.000083
0.014596 0.000010 0.000010 0.000313 0.788661 0.000010 0.176897 0.016003 0.003501
0.034693 0.000010 0.005889 0.000010 0.581975 0.009915 0.321660 0.031440 0.014407
0.000010 0.004120 0.000010 0.009948 0.620348 0.000010 0.289129 0.059243 0.017182
0.001543 0.000636 0.022532 0.034422 0.677205 0.005284 0.257535 0.000833 0.000010
0.035734 0.005698 0.009192 0.019243 0.669652 0.009068 0.244519 0.000010 0.006885
0.044418 0.009776 0.000010 0.000010 0.600771 0.107724 0.237270 0.000010 0.000010
0.050493 0.006819 0.000010 0.042853 0.479416 0.071968 0.323673 0.007556 0.017213
0.060946 0.000010 0.010201 0.029391 0.500723 0.064107 0.286810 0.045318 0.002495
0.040464 0.004768 0.000010 0.033254 0.562787 0.048611 0.258476 0.033820 0.017811
0.049753 0.000674 0.000010 0.021417 0.346154 0.052297 0.519815 0.000010 0.009870
0.027857 0.000010 0.004393 0.000010 0.620471 0.007701 0.328095 0.000010 0.011452
0.012457 0.012994 0.000010 0.000010 0.700984 0.000010 0.273515 0.000010 0.000010
0.052730 0.011852 0.000010 0.000010 0.505546 0.081729 0.313920 0.034193 0.000010
0.075873 0.013982 0.004704 0.005245 0.562802 0.021543 0.305359 0.010481 0.000010
0.008189 0.007162 0.006026 0.000010 0.541951 0.026278 0.389917 0.008183 0.012284
0.025683 0.000010 0.000010 0.005011 0.675740 0.000016 0.259805 0.033715 0.000010
0.001497 0.006712 0.000010 0.022148 0.689719 0.035866 0.244028 0.000010 0.000010
0.026350 0.000814 0.016212 0.000010 0.747528 0.027389 0.144814 0.036240 0.000643
0.054198 0.012281 0.003011 0.055626 0.395587 0.164262 0.315014 0.000012 0.000010
0.064270 0.000010 0.000010 0.010573 0.618308 0.088133 0.185330 0.015519 0.017847
0.094675 0.011084 0.000010 0.010674 0.605882 0.102076 0.148828 0.014588 0.012184
0.043235 0.000010 0.000010 0.011650 0.777893 0.025016 0.142166 0.000010 0.000010
0.092287 0.017516 0.013062 0.029707 0.596341 0.046044 0.199002 0.006031 0.000010
0.126249 0.014827 0.000010 0.015317 0.629912 0.044224 0.169441 0.000010 0.000010
0.051343 0.020780 0.005761 0.022994 0.602679 0.086664 0.201629 0.008139 0.000010
0.070272 0.000010 0.016193 0.013238 0.632689 0.084189 0.173922 0.000010 0.009477
0.049504 0.000010 0.011320 0.005463 0.745364 0.047425 0.110780 0.017820 0.012314
0.069440 0.008360 0.000010 0.013788 0.675482 0.000010 0.229581 0.000010 0.003319
0.088924 0.000010 0.000010 0.056241 0.645127 0.001674 0.202866 0.000010 0.005138
0.066771 0.000010 0.005316 0.003296 0.630230 0.055041 0.187080 0.044439 0.007816
0.065879 0.009237 0.025600 0.037994 0.547791 0.013821 0.277547 0.022121 0.000010
0.026648 0.011731 0.001183 0.000010 0.670738 0.000127 0.240043 0.036124 0.013397
0.045538 0.000010 0.008143 0.000010 0.376004 0.004462 0.526459 0.025259 0.014116
0.008041 0.009907 0.000010 0.002600 0.825968 0.000010 0.131386 0.022069 0.000010
0.083960 0.000010 0.000010 0.024020 0.509671 0.069248 0.238103 0.074967 0.000010
0.000010 0.010339 0.009403 0.016400 0.528194 0.000010 0.411852 0.023782 0.000010
0.005007 0.000010 0.008923 0.024985 0.361603 0.015778 0.557127 0.026557 0.000010
0.032340 0.005919 0.000010 0.026026 0.600731 0.032946 0.296725 0.000010 0.005293
0.045337 0.019109 0.026390 0.023659 0.622481 0.000010 0.252018 0.010986 0.000010
0.003026 0.018748 0.000010 0.002778 0.514980 0.022488 0.392904 0.045055 0.000010
0.039420 0.017108 0.003126 0.006539 0.491102 0.006500 0.396611 0.039584 0.000010
0.019357 0.006075 0.005999 0.008886 0.516604 0.003524 0.430770 0.007765 0.001019
0.063008 0.008410 0.015464 0.041893 0.401990 0.071204 0.398013 0.000010 0.000010
0.080676 0.019564 0.004604 0.025483 0.359694 0.183679 0.314573 0.011716 0.000010
0.062526 0.000010 0.000010 0.008117 0.481085 0.122865 0.325366 0.000010 0.000010
0.008710 0.012842 0.002739 0.006383 0.767250 0.000010 0.202046 0.000010 0.000010
0.016104 0.000010 0.000010 0.000056 0.778836 0.000010 0.194727 0.000010 0.010237
0.002615 0.002899 0.006554 0.022526 0.761610 0.000010 0.177783 0.025994 0.000010
0.021513 0.003348 0.003906 0.000010 0.808378 0.000010 0.162815 0.000010 0.000010
0.144484 0.000010 0.009809 0.057771 0.336411 0.143351 0.280453 0.021044 0.006667
0.017429 0.009709 0.000275 0.000820 0.594020 0.018528 0.355892 0.000010 0.003318
0.057768 0.000010 0.001433 0.058252 0.616931 0.034168 0.149535 0.081893 0.000010
0.009751 0.002977 0.017492 0.000010 0.819403 0.000010 0.128197 0.017564 0.004596
0.000010 0.000010 0.002636 0.016424 0.786345 0.000010 0.178943 0.000010 0.015611
0.021322 0.015906 0.008512 0.000010 0.741451 0.005158 0.207621 0.000010 0.000010
0.014865 0.012572 0.013720 0.008984 0.453318 0.067778 0.428361 0.000391 0.000010
0.047744 0.000010 0.000010 0.006018 0.464182 0.063109 0.389790 0.013044 0.016094
