0.000010 0.000010 0.000010 0.000010 0.634883 0.000010 0.000010 0.365047 0.000010
0.000010 0.000010 0.000010 0.000010 0.622116 0.000010 0.000010 0.377814 0.000010
0.000010 0.000010 0.000010 0.000010 0.618004 0.000010 0.000010 0.381926 0.000010
0.000010 0.000010 0.000010 0.000010 0.663424 0.000010 0.000010 0.336506 0.000010
0.000010 0.000010 0.000010 0.000010 0.625218 0.000010 0.000010 0.374712 0.000010
0.000010 0.000010 0.000010 0.000010 0.597400 0.000010 0.000010 0.402530 0.000010
0.000010 0.000010 0.000010 0.000010 0.673431 0.000010 0.000010 0.326499 0.000010
0.000010 0.000010 0.000010 0.000010 0.661206 0.000010 0.000010 0.338724 0.000010
0.000010 0.000010 0.001282 0.000010 0.620155 0.000010 0.000010 0.378503 0.000010
0.000010 0.000010 0.000010 0.000010 0.615139 0.000010 0.000010 0.384791 0.000010
0.000010 0.000010 0.000010 0.000010 0.598405 0.000010 0.000010 0.401525 0.000010
0.000010 0.000010 0.000010 0.000010 0.677086 0.000010 0.000010 0.322844 0.000010
0.000010 0.000010 0.000013 0.000010 0.597145 0.000010 0.000010 0.402783 0.000010
0.000010 0.000010 0.000010 0.000010 0.623662 0.000010 0.000010 0.376268 0.000010
0.000010 0.000010 0.000010 0.000010 0.613657 0.000010 0.000010 0.386273 0.000010
0.000010 0.000010 0.000010 0.000010 0.638594 0.000010 0.000010 0.361336 0.000010
0.000010 0.000010 0.000010 0.000010 0.630943 0.000010 0.000010 0.368987 0.000010
0.000010 0.000010 0.000010 0.000010 0.623962 0.000010 0.000010 0.375968 0.000010
0.000010 0.000010 0.000010 0.000010 0.627657 0.000010 0.000010 0.372273 0.000010
0.000010 0.000010 0.000010 0.000010 0.597708 0.000010 0.000010 0.402222 0.000010
0.000010 0.000010 0.000010 0.000010 0.638873 0.000010 0.000010 0.361057 0.000010
0.000010 0.000010 0.000010 0.000010 0.638094 0.000010 0.000010 0.361836 0.000010
0.000010 0.000010 0.000010 0.000010 0.631402 0.000010 0.000010 0.368528 0.000010
0.000010 0.000010 0.000010 0.000010 0.601175 0.000010 0.000010 0.398755 0.000010
0.000010 0.000010 0.000010 0.000010 0.605642 0.000010 0.000010 0.394288 0.000010
0.000010 0.000010 0.005859 0.000010 0.607281 0.000010 0.000010 0.386800 0.000010
0.000010 0.000010 0.000010 0.000010 0.601809 0.000010 0.000010 0.398121 0.000010
0.000010 0.000010 0.000010 0.000010 0.676013 0.000010 0.000010 0.323917 0.000010
0.000010 0.000010 0.000010 0.000010 0.682455 0.000010 0.000010 0.317475 0.000010
0.000010 0.000010 0.000010 0.000010 0.682398 0.000010 0.000010 0.317532 0.000010
0.000010 0.000010 0.000010 0.000010 0.645284 0.000010 0.000010 0.354646 0.000010
0.000010 0.000010 0.000010 0.000010 0.686265 0.000010 0.000010 0.313665 0.000010
0.000010 0.000010 0.001855 0.000010 0.651077 0.000010 0.000010 0.347008 0.000010
0.000010 0.000010 0.000010 0.000010 0.686123 0.000010 0.000010 0.313807 0.000010
0.000010 0.000010 0.000010 0.000010 0.665900 0.000010 0.000010 0.334030 0.000010
0.000010 0.000010 0.000010 0.000010 0.613465 0.000010 0.000010 0.386465 0.000010
0.000010 0.000010 0.000010 0.000010 0.662338 0.000010 0.000010 0.337592 0.000010
0.000010 0.000010 0.000010 0.000010 0.660861 0.000010 0.000010 0.339069 0.000010
0.000010 0.000010 0.000010 0.000010 0.668071 0.000010 0.000010 0.331859 0.000010
0.000010 0.000010 0.000010 0.000010 0.640071 0.000010 0.000010 0.359859 0.000010
0.000010 0.000010 0.000010 0.000010 0.631532 0.000010 0.000010 0.368398 0.000010
0.000010 0.000010 0.000010 0.000010 0.652633 0.000010 0.000010 0.347297 0.000010
0.000010 0.000010 0.000010 0.000010 0.673485 0.000010 0.000010 0.326445 0.000010
0.000010 0.000010 0.000010 0.000010 0.664862 0.000010 0.000010 0.335068 0.000010
0.000010 0.000010 0.000010 0.000010 0.681763 0.000010 0.000010 0.318167 0.000010
0.000010 0.000010 0.000011 0.000010 0.658652 0.000010 0.000010 0.341277 0.000010
0.000010 0.000010 0.000854 0.000010 0.634186 0.000010 0.000010 0.364900 0.000010
0.000010 0.000010 0.000622 0.000010 0.654969 0.000010 0.000010 0.344349 0.000010
0.000010 0.000010 0.000010 0.000010 0.642544 0.000010 0.000010 0.357386 0.000010
0.000010 0.000010 0.000010 0.000010 0.662382 0.000010 0.000010 0.337548 0.000010
0.000010 0.000010 0.000010 0.000010 0.632316 0.000010 0.000010 0.367614 0.000010
0.000010 0.000010 0.000010 0.000010 0.647855 0.000010 0.000010 0.352075 0.000010
0.000010 0.000010 0.000010 0.000010 0.652473 0.000010 0.000011 0.347456 0.000010
0.000010 0.000010 0.000010 0.000010 0.670070 0.000010 0.000010 0.329860 0.000010
0.000010 0.000010 0.000010 0.000010 0.642358 0.000010 0.000010 0.357572 0.000010
0.000010 0.020666 0.000010 0.000010 0.000010 0.000010 0.000010 0.979264 0.000010
0.000010 0.001110 0.000010 0.000010 0.009398 0.000010 0.003503 0.985938 0.000010
0.000010 0.004756 0.000010 0.000010 0.200498 0.000010 0.000015 0.794681 0.000010
0.000010 0.020701 0.000010 0.000010 0.000010 0.000010 0.000010 0.979229 0.000010
0.000010 0.024136 0.000010 0.000010 0.000010 0.000010 0.005368 0.970435 0.000010
0.000010 0.016189 0.000010 0.000010 0.072556 0.000010 0.000252 0.910953 0.000010
0.000010 0.023327 0.000010 0.000010 0.034864 0.000010 0.000010 0.941749 0.000010
0.000010 0.017344 0.000010 0.000010 0.066739 0.000010 0.000010 0.915857 0.000010
0.000010 0.020866 0.018635 0.000010 0.291605 0.000010 0.000010 0.668845 0.000010
0.000010 0.016774 0.000010 0.000010 0.000010 0.000010 0.006722 0.976444 0.000010
0.000010 0.012427 0.000010 0.000010 0.000010 0.000010 0.000010 0.987503 0.000010
0.000010 0.007493 0.000010 0.000010 0.000010 0.000010 0.002402 0.980519 0.009536
0.000010 0.000010 0.000010 0.000010 0.000010 0.000010 0.009816 0.990114 0.000010
0.000010 0.015653 0.000010 0.000010 0.000010 0.000010 0.000011 0.984275 0.000010
0.000010 0.004423 0.000010 0.000010 0.078725 0.000010 0.000010 0.916792 0.000010
0.000010 0.012124 0.000010 0.000010 0.085644 0.000010 0.001233 0.900949 0.000010
0.000010 0.004047 0.000010 0.000010 0.174529 0.000010 0.000010 0.812659 0.008714
0.000010 0.000010 0.000010 0.000010 0.661168 0.000010 0.000010 0.338762 0.000010
0.000010 0.000010 0.000010 0.000010 0.672444 0.000010 0.000010 0.327486 0.000010
0.000010 0.000010 0.000010 0.000010 0.709448 0.000010 0.000010 0.290482 0.000010
0.000010 0.000010 0.000010 0.000010 0.649070 0.000010 0.000010 0.350860 0.000010
0.000010 0.000010 0.000010 0.000010 0.682714 0.000010 0.000010 0.317216 0.000010
0.000010 0.000010 0.000010 0.000010 0.688069 0.000010 0.000010 0.311861 0.000010
0.000010 0.000010 0.000010 0.000010 0.695276 0.000010 0.000010 0.304654 0.000010
0.000010 0.000010 0.000010 0.000010 0.670235 0.000010 0.000010 0.329695 0.000010
0.000010 0.000010 0.000010 0.000010 0.638956 0.000010 0.000010 0.360974 0.000010
0.000010 0.000010 0.000010 0.000010 0.670332 0.000010 0.000010 0.329598 0.000010
0.000010 0.000010 0.000010 0.000010 0.641649 0.000010 0.000013 0.358279 0.000010
0.000010 0.000010 0.000367 0.000010 0.665181 0.000010 0.000010 0.334392 0.000010
0.000010 0.000010 0.000010 0.000010 0.734464 0.000010 0.000010 0.265466 0.000010
0.000010 0.000010 0.000010 0.000010 0.658120 0.000010 0.000010 0.341810 0.000010
0.000010 0.000010 0.000010 0.000010 0.657886 0.000010 0.000010 0.342044 0.000010
0.000010 0.000010 0.000010 0.000010 0.662013 0.000010 0.000010 0.337917 0.000010
0.000010 0.000010 0.000010 0.000010 0.687277 0.000010 0.000010 0.312653 0.000010
0.000010 0.000010 0.000010 0.000010 0.643532 0.000010 0.000010 0.356398 0.000010
0.000010 0.000010 0.000010 0.000010 0.700454 0.000010 0.000010 0.299476 0.000010
0.000010 0.000010 0.007319 0.000010 0.667766 0.000010 0.000010 0.324855 0.000010
0.000010 0.000010 0.000010 0.000010 0.671998 0.000010 0.000010 0.327932 0.000010
0.000010 0.000010 0.000010 0.000010 0.688254 0.000010 0.000010 0.311676 0.000010
0.000010 0.000010 0.000010 0.000010 0.670637 0.000010 0.000010 0.329293 0.000010
0.000010 0.000010 0.000010 0.000010 0.672590 0.000010 0.000010 0.327340 0.000010
0.000010 0.000010 0.000010 0.000010 0.681941 0.000010 0.000010 0.317989 0.000010
0.000010 0.000010 0.000010 0.000010 0.632686 0.000010 0.000010 0.367244 0.000010
0.000010 0.000010 0.000010 0.000010 0.675966 0.000010 0.000010 0.323964 0.000010
0.000010 0.000010 0.000010 0.000010 0.641031 0.000010 0.000010 0.358899 0.000010
0.000010 0.000010 0.000010 0.000010 0.683271 0.000010 0.000010 0.316659 0.000010
0.000010 0.000010 0.000010 0.000010 0.673776 0.000010 0.000010 0.326154 0.000010
0.000010 0.000010 0.000010 0.000010 0.643895 0.000010 0.000010 0.356035 0.000010
0.000010 0.016335 0.000010 0.000010 0.037317 0.000010 0.000010 0.946288 0.000010
0.000010 0.019474 0.000010 0.000010 0.000010 0.000010 0.000010 0.980456 0.000010
0.000010 0.000010 0.000010 0.000010 0.124512 0.000010 0.000010 0.866143 0.009286
0.000010 0.002124 0.000010 0.000010 0.000010 0.000010 0.002775 0.989115 0.005937
0.000010 0.017893 0.000010 0.000010 0.000010 0.000010 0.000010 0.982037 0.000010
0.000010 0.021453 0.000010 0.000010 0.000010 0.000010 0.005794 0.972693 0.000010
0.000010 0.005581 0.000010 0.000010 0.113205 0.000010 0.000261 0.879490 0.001424
0.000010 0.009703 0.000010 0.000010 0.076921 0.000010 0.000010 0.913316 0.000010
0.000010 0.003009 0.000010 0.001553 0.158249 0.000010 0.002697 0.825122 0.009341
0.000010 0.017838 0.000010 0.000010 0.000010 0.000010 0.000010 0.982092 0.000010
0.000010 0.000010 0.000010 0.000010 0.211764 0.000010 0.008194 0.779983 0.000010
0.000010 0.004224 0.000010 0.000010 0.000010 0.000010 0.002968 0.992749 0.000010
0.000010 0.004567 0.000010 0.000010 0.017185 0.000010 0.000010 0.978188 0.000010
0.000010 0.000014 0.000010 0.000010 0.032253 0.000010 0.003338 0.954959 0.009396
0.000010 0.009596 0.000010 0.000010 0.000010 0.000010 0.000010 0.990334 0.000010
0.000010 0.015695 0.000010 0.000010 0.038438 0.000010 0.000010 0.945807 0.000010
0.000010 0.014721 0.000010 0.000010 0.000010 0.000010 0.000013 0.985206 0.000010
0.000010 0.000010 0.000010 0.048573 0.000010 0.000010 0.000010 0.951357 0.000010
0.000010 0.000010 0.000010 0.042459 0.000010 0.000010 0.002675 0.954806 0.000010
0.000010 0.000010 0.000010 0.047432 0.000010 0.000010 0.000010 0.952498 0.000010
0.000010 0.008747 0.000010 0.000010 0.173974 0.000010 0.000010 0.817220 0.000010
0.000010 0.020469 0.000010 0.000010 0.049034 0.000010 0.000010 0.924137 0.006310
0.000010 0.016071 0.000010 0.000010 0.044643 0.000010 0.000010 0.939226 0.000010
0.000010 0.000010 0.000010 0.000010 0.114880 0.000010 0.000010 0.885050 0.000010
0.000010 0.000010 0.000010 0.000010 0.225323 0.000010 0.001760 0.772857 0.000010
0.000010 0.014747 0.000010 0.000010 0.000010 0.000010 0.000010 0.985183 0.000010
0.000010 0.006641 0.000010 0.000010 0.066573 0.000010 0.006034 0.920703 0.000010
0.000010 0.000010 0.000010 0.000010 0.115164 0.000010 0.000010 0.883430 0.001347
0.000010 0.002442 0.000010 0.000010 0.015604 0.000010 0.000010 0.981894 0.000010
0.000010 0.019058 0.000010 0.000010 0.119886 0.000010 0.000010 0.860996 0.000010
0.000010 0.019914 0.000010 0.000010 0.033928 0.000010 0.000976 0.945132 0.000010
0.000010 0.010804 0.000010 0.000010 0.000010 0.000010 0.000010 0.984815 0.004321
0.000010 0.011430 0.000010 0.000010 0.000010 0.000010 0.000010 0.988500 0.000010
0.000010 0.013751 0.000010 0.000010 0.000010 0.000010 0.000010 0.986179 0.000010
0.000010 0.010106 0.000010 0.000010 0.004956 0.000010 0.000010 0.984878 0.000010
0.000010 0.007726 0.000010 0.000010 0.001202 0.000010 0.000010 0.991012 0.000010
0.000010 0.006400 0.000010 0.000010 0.025032 0.000010 0.000010 0.968508 0.000010
0.000010 0.000233 0.000010 0.000010 0.117200 0.000010 0.000010 0.882507 0.000010
0.000010 0.001193 0.000010 0.000010 0.083084 0.000010 0.000010 0.915663 0.000010
0.000010 0.005873 0.000010 0.000010 0.103415 0.000010 0.007798 0.882864 0.000010
0.000010 0.013335 0.000010 0.000010 0.125909 0.000010 0.006624 0.854083 0.000010
0.000010 0.000010 0.000010 0.000010 0.132351 0.000010 0.000010 0.867198 0.000391
0.000010 0.002270 0.000010 0.000010 0.031202 0.000010 0.000010 0.966468 0.000010
0.000010 0.019894 0.000010 0.000010 0.042948 0.000010 0.000010 0.937098 0.000010
0.000010 0.000010 0.000010 0.000010 0.153986 0.000010 0.012532 0.828785 0.004647
0.000010 0.001158 0.000010 0.000010 0.016220 0.000010 0.000010 0.982562 0.000010
0.000010 0.018368 0.000010 0.000010 0.122278 0.000010 0.000010 0.857844 0.001459
0.000010 0.014396 0.000010 0.013473 0.282999 0.008815 0.002043 0.678244 0.000010
0.000010 0.010610 0.000010 0.000010 0.000010 0.000010 0.000010 0.989320 0.000010
0.000010 0.007791 0.000010 0.000010 0.000010 0.000010 0.000010 0.992139 0.000010
0.000010 0.000010 0.005499 0.000010 0.322498 0.000010 0.003990 0.667963 0.000010
0.000010 0.022050 0.000010 0.000010 0.040520 0.000010 0.000010 0.933991 0.003389
0.000010 0.006666 0.000010 0.000010 0.135661 0.000010 0.000010 0.857613 0.000010
0.000010 0.008017 0.000010 0.000010 0.000010 0.000010 0.000010 0.991913 0.000010
0.000010 0.000012 0.001265 0.000010 0.310460 0.000010 0.000010 0.688212 0.000010
0.000010 0.006030 0.000010 0.000010 0.057287 0.000010 0.000010 0.927802 0.008831
0.000010 0.005130 0.000010 0.000010 0.011331 0.000010 0.000010 0.976386 0.007103
0.000010 0.008624 0.000010 0.000010 0.125515 0.000010 0.002808 0.863003 0.000010
0.000010 0.003506 0.000010 0.000010 0.078423 0.000010 0.000010 0.910087 0.007935
0.000010 0.009102 0.000010 0.000010 0.099762 0.000010 0.000010 0.891077 0.000010
0.000010 0.000010 0.000010 0.000010 0.000010 0.000010 0.000010 0.999920 0.000010
0.000010 0.008145 0.000010 0.001276 0.112700 0.000010 0.000010 0.877829 0.000010
0.000010 0.015409 0.000010 0.000010 0.000010 0.000010 0.000010 0.984521 0.000010
0.000010 0.014787 0.000010 0.000010 0.064146 0.000010 0.000010 0.921007 0.000010
0.000010 0.012676 0.000010 0.000010 0.062620 0.000010 0.000010 0.923573 0.001082
0.000010 0.002610 0.000010 0.000010 0.000010 0.000010 0.000012 0.997318 0.000010
0.000010 0.000640 0.000010 0.000010 0.044544 0.000010 0.000010 0.941595 0.013171
0.000010 0.022359 0.000010 0.000010 0.081253 0.000010 0.003081 0.893256 0.000010
0.000010 0.017163 0.000010 0.000010 0.000010 0.000010 0.006599 0.976177 0.000010
0.000010 0.000010 0.000010 0.000010 0.000010 0.000010 0.003696 0.988650 0.007594
0.000010 0.000790 0.000010 0.000010 0.021646 0.000010 0.005474 0.972040 0.000010
0.000010 0.000011 0.000010 0.000010 0.024017 0.000010 0.000010 0.975911 0.000010
0.000010 0.000010 0.000010 0.000010 0.000010 0.000010 0.000010 0.999920 0.000010
0.000010 0.000010 0.000010 0.000010 0.110581 0.000010 0.000010 0.889349 0.000010
0.000010 0.017339 0.000010 0.000010 0.011851 0.000010 0.000010 0.970750 0.000010
0.000010 0.000010 0.000010 0.000010 0.074257 0.000010 0.000010 0.925673 0.000010
0.000010 0.000286 0.000010 0.000010 0.255361 0.000010 0.000010 0.744293 0.000010
0.000010 0.000010 0.000010 0.000010 0.015868 0.000010 0.000010 0.973731 0.010341
0.000010 0.006758 0.000010 0.000010 0.000010 0.000010 0.000477 0.992705 0.000010
0.000010 0.010885 0.000010 0.000010 0.000010 0.000010 0.000010 0.989045 0.000010
0.000010 0.007443 0.000010 0.000010 0.040344 0.000010 0.000765 0.951398 0.000010
0.000010 0.405574 0.000010 0.000010 0.000010 0.000010 0.000053 0.000010 0.594313
0.000010 0.402619 0.000010 0.000010 0.000010 0.000010 0.000010 0.000010 0.597311
0.000010 0.381531 0.000010 0.000010 0.000010 0.000010 0.000010 0.000010 0.618399
0.000010 0.414553 0.000010 0.000010 0.000010 0.000010 0.000010 0.000010 0.585377
0.000010 0.413002 0.000010 0.003453 0.000010 0.000010 0.003080 0.000010 0.580415
0.000010 0.404302 0.000010 0.009756 0.000010 0.000010 0.000010 0.000010 0.585882
0.000010 0.397665 0.000010 0.000010 0.000010 0.000010 0.000010 0.000010 0.602265
0.000010 0.398091 0.000010 0.000010 0.000010 0.000010 0.000010 0.000010 0.601839
0.000010 0.386592 0.000010 0.000010 0.000010 0.000010 0.000010 0.000010 0.613338
0.000010 0.397380 0.000010 0.000010 0.000010 0.000010 0.000010 0.000010 0.602550
0.000010 0.385243 0.000010 0.000010 0.000010 0.000010 0.000010 0.000010 0.614687
0.000010 0.416391 0.000010 0.000010 0.000010 0.000010 0.000010 0.000010 0.583539
0.000010 0.380822 0.000010 0.000010 0.000010 0.000010 0.000010 0.000010 0.619108
0.000010 0.381472 0.000010 0.000010 0.000010 0.000010 0.000010 0.000010 0.618458
0.000010 0.403924 0.000010 0.000010 0.000010 0.000010 0.000010 0.000010 0.596006
0.000010 0.428945 0.000010 0.000010 0.000010 0.000010 0.000010 0.000010 0.570985
0.000010 0.382170 0.000010 0.000010 0.000010 0.000010 0.000010 0.000010 0.617760
0.000010 0.403554 0.000010 0.000010 0.000010 0.000010 0.000010 0.000010 0.596376
0.000010 0.432637 0.000010 0.000010 0.000010 0.000010 0.000010 0.000010 0.567293
0.000010 0.430375 0.000010 0.000010 0.000010 0.000010 0.000010 0.000010 0.569555
0.000010 0.411999 0.000010 0.000010 0.000010 0.000010 0.000010 0.000010 0.587931
0.000010 0.398810 0.000010 0.000010 0.000010 0.000010 0.000010 0.000010 0.601120
0.000010 0.414731 0.000010 0.000010 0.000010 0.000010 0.000010 0.000010 0.585199
0.000010 0.414392 0.000010 0.000018 0.000010 0.000010 0.000010 0.000010 0.585530
0.000010 0.395847 0.000010 0.000010 0.000010 0.000010 0.000010 0.000010 0.604083
0.000010 0.395552 0.000010 0.000010 0.000010 0.000012 0.000010 0.000010 0.604376
0.000010 0.444701 0.000010 0.000010 0.000010 0.000010 0.000010 0.000010 0.555229
0.000010 0.406517 0.000010 0.000010 0.000010 0.000010 0.000010 0.000010 0.593413
0.000010 0.417853 0.000010 0.000010 0.000010 0.000010 0.000010 0.000010 0.582077
0.000010 0.398114 0.000010 0.000010 0.000010 0.000010 0.000010 0.000010 0.601816
0.000010 0.452623 0.000010 0.000010 0.000010 0.000010 0.000010 0.000010 0.547307
0.000010 0.380874 0.000010 0.000010 0.000012 0.000010 0.000010 0.000010 0.619054
0.000010 0.403936 0.000010 0.000010 0.000010 0.000010 0.000010 0.000010 0.595994
0.000010 0.436179 0.000010 0.000010 0.000010 0.000010 0.000010 0.000010 0.563751
0.000010 0.423022 0.000010 0.000010 0.000010 0.000010 0.000010 0.000010 0.576908
0.000010 0.364513 0.000010 0.000010 0.000010 0.000010 0.000010 0.000010 0.635417
0.000010 0.395386 0.000010 0.000010 0.000010 0.000010 0.000010 0.000010 0.604544
0.000010 0.414634 0.000010 0.000010 0.000010 0.000010 0.000010 0.000010 0.585296
0.000010 0.385179 0.000010 0.000010 0.000010 0.000010 0.000010 0.000010 0.614751
0.000010 0.421849 0.000010 0.000010 0.000010 0.000010 0.000010 0.000010 0.578081
0.000010 0.424567 0.000010 0.000010 0.000010 0.000010 0.000010 0.000010 0.575363
0.000010 0.346643 0.000010 0.000010 0.000010 0.000010 0.000010 0.000010 0.653287
0.073146 0.007819 0.002759 0.000010 0.740612 0.020958 0.154677 0.000010 0.000010
0.124194 0.008697 0.018850 0.000010 0.604278 0.046085 0.197866 0.000010 0.000010
0.047492 0.009294 0.022892 0.000010 0.767949 0.027162 0.125181 0.000010 0.000010
0.000010 0.428031 0.000010 0.000010 0.000010 0.000010 0.000010 0.000010 0.571899
0.000010 0.445125 0.000010 0.000010 0.000010 0.000010 0.000010 0.000010 0.554805
0.000010 0.500577 0.000010 0.000010 0.000010 0.000010 0.000010 0.000010 0.499353
0.000010 0.417889 0.000010 0.000010 0.000010 0.000010 0.000010 0.000010 0.582041
0.000010 0.461943 0.000010 0.000010 0.000010 0.000010 0.000010 0.000010 0.537987
0.000010 0.419268 0.000010 0.000010 0.000010 0.000010 0.000010 0.000010 0.580662
0.000010 0.466027 0.000010 0.000010 0.000010 0.000010 0.000010 0.000010 0.533903
0.000010 0.468167 0.000010 0.000010 0.000010 0.000010 0.000010 0.000010 0.531763
0.000010 0.301346 0.000010 0.000010 0.000010 0.000010 0.000010 0.000010 0.698584
0.000010 0.448485 0.000010 0.000010 0.000010 0.000010 0.000010 0.000010 0.551445
0.000010 0.445059 0.000010 0.000010 0.000010 0.000010 0.000010 0.000010 0.554871
0.000010 0.361983 0.001588 0.000010 0.000010 0.000010 0.000010 0.000010 0.636370
0.000010 0.651839 0.000010 0.000010 0.000010 0.000010 0.008066 0.008868 0.331177
0.000010 0.441171 0.000010 0.000010 0.000010 0.000010 0.000010 0.000010 0.558759
0.000010 0.472341 0.000010 0.000010 0.000010 0.000010 0.000010 0.000010 0.527589
0.000010 0.462025 0.000010 0.000010 0.000010 0.000010 0.000010 0.000010 0.537905
0.000010 0.402880 0.000010 0.000010 0.000010 0.000010 0.000010 0.000010 0.597050
0.000010 0.512202 0.000010 0.008296 0.000010 0.000010 0.000010 0.000010 0.479442
0.000010 0.438319 0.000010 0.000010 0.000010 0.000010 0.000010 0.000010 0.561611
0.000010 0.413499 0.000010 0.000010 0.000010 0.000010 0.000010 0.000010 0.586431
0.000010 0.458483 0.000010 0.000010 0.000010 0.000010 0.000010 0.000010 0.541447
0.000010 0.458698 0.000010 0.000010 0.000010 0.000010 0.000010 0.000010 0.541232
0.000010 0.441028 0.000010 0.000010 0.000010 0.000010 0.000010 0.000010 0.558902
0.000010 0.430480 0.000010 0.000010 0.000010 0.000010 0.000010 0.000010 0.569450
0.000010 0.430115 0.000010 0.000010 0.000010 0.000010 0.000010 0.000010 0.569815
0.000010 0.414433 0.000010 0.000010 0.000010 0.000010 0.000010 0.000010 0.585497
0.022243 0.368673 0.000010 0.013212 0.012315 0.000010 0.005768 0.000010 0.577759
0.000010 0.425493 0.000010 0.000010 0.000010 0.000010 0.000010 0.000010 0.574437
0.000010 0.330072 0.000010 0.000010 0.000010 0.000010 0.000010 0.000010 0.669858
0.000010 0.441811 0.000010 0.000010 0.000010 0.000010 0.000010 0.000010 0.558119
0.000010 0.406250 0.000010 0.000010 0.000016 0.000010 0.000010 0.000010 0.593675
0.000010 0.420592 0.000010 0.000010 0.000010 0.000010 0.000010 0.000010 0.579338
0.000018 0.422542 0.000010 0.000879 0.000010 0.000010 0.000010 0.000010 0.576511
0.000010 0.415324 0.000010 0.006712 0.000010 0.000010 0.000010 0.000010 0.577904
0.000010 0.434349 0.000010 0.000010 0.000010 0.000010 0.000010 0.000010 0.565581
0.083319 0.013137 0.006657 0.000010 0.680236 0.062832 0.151008 0.000010 0.002791
0.096883 0.014021 0.000010 0.004933 0.650748 0.076521 0.156864 0.000010 0.000010
0.043798 0.009743 0.019790 0.000010 0.777517 0.028077 0.121045 0.000010 0.000010
0.039215 0.013840 0.004099 0.000010 0.728556 0.043153 0.171108 0.000010 0.000010
0.000010 0.252529 0.000010 0.000010 0.000010 0.000010 0.000012 0.000010 0.747399
0.000010 0.298705 0.000010 0.000010 0.000010 0.000010 0.000010 0.000010 0.701225
0.000010 0.297502 0.000010 0.000010 0.000010 0.000010 0.000010 0.000010 0.702428
0.000010 0.325160 0.000010 0.000010 0.000010 0.000010 0.000010 0.000010 0.674770
0.000010 0.283941 0.000010 0.000010 0.000010 0.000010 0.000010 0.000010 0.715989
0.000010 0.327978 0.000010 0.000010 0.000010 0.000010 0.000010 0.000010 0.671952
0.000010 0.290940 0.000010 0.000010 0.000010 0.000010 0.000010 0.000010 0.708990
0.000010 0.264346 0.000010 0.000010 0.000010 0.000010 0.000010 0.000010 0.735584
0.000010 0.299973 0.000010 0.000010 0.000010 0.000010 0.000010 0.000010 0.699957
0.000010 0.298756 0.000010 0.000010 0.000010 0.000010 0.000010 0.000010 0.701174
0.000010 0.282984 0.000010 0.000590 0.000010 0.000010 0.000010 0.000010 0.716367
0.000010 0.308692 0.000010 0.002276 0.000010 0.000010 0.000010 0.000010 0.688972
0.000010 0.311084 0.000010 0.000010 0.000010 0.000010 0.000010 0.000010 0.688846
0.000010 0.291000 0.000010 0.000010 0.000010 0.000010 0.000010 0.000010 0.708930
0.000010 0.323674 0.000010 0.000010 0.000010 0.000010 0.000010 0.000010 0.676256
0.000010 0.267446 0.000010 0.000010 0.000010 0.000010 0.000010 0.000010 0.732484
0.000010 0.287687 0.000010 0.000010 0.000010 0.000010 0.000010 0.000010 0.712243
0.000010 0.318498 0.000010 0.000010 0.000010 0.000010 0.000010 0.000010 0.681432
0.000010 0.290519 0.000010 0.000010 0.000010 0.000010 0.000010 0.000010 0.709411
0.000010 0.323918 0.000010 0.000010 0.000010 0.000010 0.000010 0.000010 0.676012
0.000010 0.334101 0.000010 0.000010 0.000010 0.000010 0.000010 0.000010 0.665829
0.000010 0.314291 0.000010 0.000010 0.000010 0.000010 0.000010 0.000010 0.685639
0.000010 0.297133 0.000010 0.000010 0.000010 0.000010 0.000010 0.000010 0.702797
0.000010 0.298173 0.000010 0.000010 0.000010 0.000010 0.000010 0.000010 0.701757
0.000010 0.316966 0.000010 0.000010 0.000010 0.000010 0.000010 0.000010 0.682964
0.000010 0.272964 0.000010 0.000010 0.000010 0.000010 0.000010 0.000010 0.726966
0.000010 0.272026 0.000010 0.003984 0.000010 0.000010 0.000010 0.000010 0.723930
0.000010 0.273236 0.000010 0.004444 0.000010 0.000010 0.000010 0.000010 0.722260
0.011027 0.013916 0.001288 0.000010 0.864718 0.014895 0.086873 0.007262 0.000010
0.021641 0.010691 0.000010 0.010692 0.795618 0.024197 0.136770 0.000010 0.000370
0.055846 0.000010 0.000010 0.000010 0.669322 0.056482 0.211711 0.000010 0.006599
0.033143 0.009062 0.000010 0.000010 0.797251 0.022838 0.118663 0.019013 0.000010
0.064958 0.011896 0.001984 0.000011 0.749529 0.015365 0.110136 0.046109 0.000010
0.022536 0.000010 0.000010 0.000010 0.703276 0.024470 0.058083 0.191596 0.000010
0.073266 0.002574 0.000010 0.000010 0.708780 0.047044 0.162840 0.000010 0.005465
0.067735 0.000010 0.000010 0.025296 0.847439 0.000010 0.059480 0.000010 0.000010
0.082587 0.015861 0.000010 0.019550 0.656007 0.000010 0.225955 0.000010 0.000010
0.000010 0.028129 0.000010 0.000010 0.000010 0.000010 0.000010 0.000010 0.971801
0.000010 0.000010 0.000010 0.000010 0.000010 0.000010 0.000010 0.000010 0.999920
0.000010 0.000010 0.000010 0.000010 0.000010 0.000010 0.000010 0.000010 0.999920
0.000010 0.000010 0.000010 0.000010 0.000010 0.000010 0.000010 0.000010 0.999920
0.000010 0.014791 0.000010 0.001117 0.000010 0.000010 0.000010 0.000010 0.984032
0.000010 0.020358 0.000010 0.000010 0.000010 0.000010 0.000010 0.000010 0.979572
0.000010 0.000010 0.000010 0.000010 0.000010 0.000010 0.000010 0.000010 0.999920
0.000010 0.000010 0.000010 0.000010 0.000010 0.000010 0.000010 0.000010 0.999920
0.000010 0.054728 0.000010 0.000010 0.000010 0.000010 0.000010 0.000010 0.945202
0.000010 0.073501 0.005863 0.000010 0.000010 0.000010 0.000010 0.000010 0.920577
0.000010 0.025658 0.000010 0.000010 0.000010 0.000010 0.000010 0.000010 0.974272
0.000010 0.000010 0.000010 0.000010 0.000010 0.000010 0.000010 0.000010 0.999920
0.000010 0.000010 0.000010 0.000010 0.000010 0.000010 0.000010 0.000010 0.999920
0.000010 0.000010 0.000010 0.000010 0.000010 0.000013 0.000010 0.000010 0.999917
0.000010 0.000010 0.000010 0.000010 0.000010 0.000010 0.000010 0.000010 0.999920
0.037771 0.005211 0.000010 0.000010 0.777265 0.042286 0.101277 0.033900 0.002270
0.030207 0.005204 0.002844 0.000010 0.723001 0.075740 0.152232 0.003912 0.006850
0.134537 0.001653 0.000010 0.000010 0.608107 0.086356 0.139372 0.026249 0.003706
0.119957 0.002258 0.004126 0.009743 0.570327 0.086165 0.202910 0.000010 0.004505
0.130651 0.000010 0.000010 0.004158 0.540264 0.105335 0.180506 0.024019 0.015048
0.039874 0.004550 0.005683 0.000010 0.743914 0.025845 0.180103 0.000010 0.000010
0.068134 0.007326 0.000010 0.000010 0.735381 0.057737 0.118312 0.013079 0.000010
0.116139 0.000010 0.000010 0.030136 0.669760 0.004650 0.155791 0.018708 0.004797
0.054776 0.000010 0.000010 0.003424 0.743128 0.033327 0.123164 0.030437 0.011724
0.062245 0.010821 0.001045 0.000010 0.772440 0.007208 0.146211 0.000010 0.000010
0.236208 0.000010 0.000010 0.024087 0.489634 0.115733 0.132732 0.000010 0.001575
0.131328 0.000010 0.000010 0.025016 0.677818 0.037698 0.123858 0.000010 0.004252
0.050371 0.017809 0.005352 0.000010 0.747253 0.015064 0.134817 0.029314 0.000010
0.043616 0.000010 0.000492 0.000010 0.759900 0.031093 0.153917 0.000010 0.010952
0.047227 0.010913 0.000010 0.000010 0.748168 0.032488 0.161164 0.000010 0.000010
0.050815 0.003826 0.000010 0.000010 0.779836 0.005495 0.158740 0.000010 0.001259
0.052801 0.003529 0.000010 0.000010 0.762634 0.021637 0.159359 0.000010 0.000010
0.041250 0.000010 0.004668 0.000010 0.750941 0.038373 0.153299 0.000010 0.011439
0.046960 0.010418 0.019299 0.000010 0.791214 0.045054 0.067516 0.019517 0.000010
0.164711 0.007781 0.000010 0.038528 0.578929 0.022699 0.183558 0.003774 0.000010
0.081958 0.008303 0.000010 0.010923 0.656283 0.087008 0.139412 0.016092 0.000010
0.039361 0.000010 0.000010 0.018303 0.671918 0.046041 0.224337 0.000010 0.000010
0.126804 0.018090 0.000010 0.000010 0.613252 0.082117 0.157290 0.002417 0.000010
0.079208 0.005693 0.000010 0.000010 0.712137 0.020959 0.181963 0.000010 0.000010
0.077877 0.008208 0.015589 0.000010 0.691532 0.040355 0.138706 0.024820 0.002904
0.049809 0.008356 0.004240 0.000010 0.660869 0.077022 0.199673 0.000010 0.000010
0.151234 0.000010 0.000010 0.044100 0.633522 0.041876 0.126327 0.000010 0.002911
0.104862 0.000010 0.000010 0.033987 0.672585 0.031115 0.149680 0.004009 0.003742
0.195782 0.000010 0.000010 0.039729 0.576451 0.041852 0.144601 0.000010 0.001555
0.085444 0.000010 0.010087 0.000010 0.699872 0.041610 0.143530 0.006435 0.013002
0.047032 0.008293 0.003645 0.000010 0.733963 0.062546 0.141325 0.000010 0.003175
0.060858 0.004724 0.000010 0.000010 0.735463 0.033581 0.164554 0.000010 0.000790
0.055715 0.004095 0.000010 0.000010 0.743488 0.038290 0.153271 0.000010 0.005111
0.062617 0.000438 0.000010 0.000010 0.670109 0.080299 0.186497 0.000010 0.000010
0.119319 0.005167 0.000010 0.000010 0.669827 0.047169 0.137261 0.021063 0.000174
0.062430 0.002500 0.016227 0.000010 0.754237 0.024380 0.125845 0.000010 0.014360
0.068138 0.007099 0.017492 0.000010 0.762878 0.015472 0.086606 0.042295 0.000010
0.085482 0.000010 0.000010 0.000010 0.665077 0.125029 0.119532 0.000010 0.004840
0.104527 0.004618 0.002010 0.000010 0.662774 0.030063 0.154660 0.041328 0.000010
0.093550 0.000010 0.000010 0.000010 0.707554 0.025624 0.159910 0.010853 0.002479
0.000010 0.000010 0.000010 0.010021 0.853407 0.017939 0.082584 0.033444 0.002574
0.000010 0.011371 0.000583 0.000010 0.680670 0.007564 0.298426 0.000010 0.001357
0.037269 0.003912 0.000010 0.034143 0.789638 0.000010 0.134997 0.000010 0.000010
0.040424 0.003197 0.000010 0.047161 0.576422 0.000010 0.316540 0.016226 0.000010
0.064706 0.000010 0.000010 0.020721 0.629471 0.000463 0.238025 0.046585 0.000010
0.090569 0.002416 0.000010 0.009304 0.491083 0.042695 0.309154 0.046189 0.008580
0.067780 0.011103 0.012352 0.000010 0.624926 0.016418 0.267391 0.000010 0.000010
0.059390 0.000010 0.000010 0.031205 0.646351 0.000010 0.263004 0.000010 0.000010
0.062509 0.000010 0.000010 0.032743 0.636176 0.000010 0.268523 0.000010 0.000010
0.011954 0.000010 0.000010 0.000010 0.773996 0.011610 0.176778 0.020688 0.004943
0.055898 0.006377 0.008282 0.000010 0.606434 0.058054 0.236358 0.024718 0.003870
0.081933 0.002070 0.000010 0.000010 0.617619 0.012741 0.276416 0.001254 0.007946
0.019861 0.000010 0.003302 0.000010 0.601874 0.000010 0.363206 0.000010 0.011716
0.099313 0.000010 0.000010 0.000878 0.496709 0.092361 0.302401 0.007241 0.001076
0.028116 0.006014 0.005521 0.004793 0.655239 0.005788 0.291172 0.003348 0.000010
0.161757 0.000010 0.000010 0.035606 0.403007 0.015979 0.379312 0.000010 0.004308
0.037914 0.000010 0.014264 0.000010 0.650379 0.011978 0.272861 0.012574 0.000010
0.049953 0.003126 0.009769 0.000010 0.434995 0.049992 0.448031 0.000010 0.004115
0.143740 0.000010 0.000010 0.029523 0.620783 0.032162 0.171021 0.000010 0.002741
0.097801 0.000010 0.000010 0.040193 0.693200 0.000010 0.168756 0.000010 0.000010
0.098291 0.000010 0.000010 0.026401 0.750036 0.000010 0.125223 0.000010 0.000010
0.108301 0.008801 0.000010 0.000010 0.566323 0.132105 0.145206 0.039235 0.000010
0.021112 0.004860 0.026656 0.010767 0.866672 0.003700 0.066213 0.000010 0.000010
0.080460 0.000010 0.007863 0.000010 0.688443 0.051782 0.162650 0.005286 0.003495
0.070696 0.011977 0.007187 0.000010 0.628172 0.120176 0.144877 0.016895 0.000010
0.035100 0.000010 0.001998 0.000010 0.863631 0.025684 0.063030 0.000010 0.010527
0.024855 0.002541 0.007631 0.000010 0.784617 0.037014 0.128762 0.010869 0.003700
0.050875 0.000866 0.000010 0.000010 0.692909 0.047674 0.171292 0.025345 0.011018
0.045451 0.020163 0.002127 0.000010 0.709591 0.036360 0.186278 0.000010 0.000010
0.114561 0.000010 0.018661 0.000010 0.658211 0.035564 0.158756 0.014216 0.000010
0.082988 0.005791 0.000010 0.000010 0.702471 0.033847 0.174863 0.000010 0.000010
0.111113 0.003590 0.000010 0.000010 0.545755 0.095321 0.244181 0.000010 0.000010
0.113366 0.022100 0.005099 0.000010 0.535686 0.108046 0.215674 0.000010 0.000010
0.085160 0.012904 0.000010 0.000010 0.608890 0.068328 0.214858 0.000010 0.009829
0.060649 0.007240 0.011339 0.000010 0.681507 0.028662 0.210573 0.000010 0.000010
0.036047 0.000010 0.004385 0.000010 0.761201 0.030448 0.165467 0.000010 0.002421
0.113503 0.008133 0.013121 0.000010 0.640696 0.073094 0.151422 0.000010 0.000010
0.043428 0.000010 0.000010 0.041654 0.810266 0.000010 0.104602 0.000010 0.000010
0.060942 0.012001 0.013027 0.000010 0.738804 0.039925 0.127606 0.000010 0.007675
0.081062 0.001876 0.000010 0.000010 0.738819 0.031762 0.132878 0.008613 0.004969
0.094872 0.014136 0.000010 0.000010 0.594573 0.090977 0.180791 0.024172 0.000458
0.049482 0.002238 0.017299 0.000010 0.745188 0.068800 0.116964 0.000010 0.000010
0.033861 0.007597 0.010081 0.000010 0.572535 0.038369 0.320823 0.016714 0.000010
0.020942 0.009636 0.017390 0.000010 0.684242 0.000010 0.257219 0.008440 0.002110
0.025446 0.014680 0.000010 0.000010 0.680848 0.018620 0.248844 0.011532 0.000010
0.103687 0.004361 0.000010 0.000010 0.517285 0.073135 0.293955 0.000010 0.007547
0.000010 0.000010 0.002874 0.000010 0.780940 0.006404 0.184196 0.018052 0.007504
0.011372 0.000010 0.000010 0.015667 0.646586 0.000010 0.314051 0.011160 0.001134
0.015691 0.000010 0.000010 0.000010 0.813770 0.006350 0.130785 0.018423 0.014950
0.050715 0.009093 0.013527 0.000985 0.531130 0.075016 0.319514 0.000010 0.000010
0.078738 0.000010 0.000010 0.021193 0.627235 0.000010 0.270537 0.000010 0.002256
0.055841 0.004105 0.003698 0.000108 0.645116 0.016981 0.272069 0.000010 0.002072
0.083207 0.000010 0.003647 0.000010 0.491356 0.096117 0.315947 0.000010 0.009695
0.000974 0.004284 0.006849 0.002185 0.596357 0.007235 0.374338 0.007769 0.000010
0.017292 0.000010 0.000010 0.031213 0.657298 0.000010 0.294146 0.000010 0.000010
0.028336 0.000010 0.000010 0.031635 0.680981 0.000010 0.258998 0.000010 0.000010
0.062921 0.000010 0.000010 0.044844 0.658208 0.000010 0.233977 0.000010 0.000010
0.174607 0.000010 0.000010 0.019633 0.584869 0.072453 0.148397 0.000010 0.000010
0.133077 0.000010 0.000010 0.022736 0.633997 0.000191 0.204662 0.000010 0.005307
0.117871 0.000010 0.000010 0.045700 0.644547 0.000010 0.186509 0.004259 0.001084
0.132205 0.000010 0.000010 0.035156 0.622506 0.015063 0.195030 0.000010 0.000010
0.192499 0.001504 0.000010 0.011402 0.586895 0.046181 0.161489 0.000010 0.000010
0.090073 0.000010 0.000010 0.041060 0.736202 0.000010 0.094001 0.035432 0.003202
0.125605 0.000010 0.000010 0.029549 0.694762 0.000010 0.150034 0.000010 0.000010
0.102408 0.000010 0.000010 0.037072 0.685868 0.017511 0.157100 0.000010 0.000010
0.142526 0.000010 0.000010 0.031644 0.722185 0.000010 0.103594 0.000010 0.000010
0.098343 0.000371 0.000010 0.030057 0.667492 0.000010 0.203696 0.000010 0.000010
0.000010 0.000010 0.007030 0.000010 0.637513 0.000010 0.000010 0.355396 0.000010
0.000010 0.019498 0.005051 0.000010 0.343956 0.000010 0.613753 0.017702 0.000010
0.185338 0.000010 0.000010 0.000010 0.384627 0.166198 0.235324 0.013698 0.014785
0.023218 0.000010 0.010330 0.000010 0.494423 0.007747 0.417662 0.046590 0.000010
0.023299 0.010037 0.006122 0.000010 0.681040 0.023984 0.240575 0.014924 0.000010
0.036067 0.006044 0.022548 0.000010 0.529435 0.000045 0.400319 0.000010 0.005523
0.032543 0.005307 0.003321 0.000010 0.505945 0.037727 0.395828 0.019310 0.000010
0.004363 0.008120 0.004294 0.000010 0.667276 0.008799 0.301570 0.005558 0.000010
0.015536 0.006935 0.000010 0.000010 0.757922 0.014982 0.198048 0.002178 0.004380
0.004318 0.000010 0.000010 0.000010 0.783848 0.012217 0.169821 0.023534 0.006232
0.037180 0.000010 0.005213 0.000010 0.602659 0.014555 0.328411 0.005866 0.006096
0.002231 0.017982 0.000010 0.000010 0.643932 0.012465 0.288686 0.034674 0.000010
0.020663 0.004998 0.007338 0.003112 0.672301 0.016935 0.263799 0.010843 0.000010
0.021188 0.019331 0.008185 0.000010 0.668642 0.036163 0.244999 0.001472 0.000010
0.153060 0.005612 0.000010 0.019013 0.589031 0.000010 0.233079 0.000175 0.000010
0.104827 0.000010 0.000010 0.007831 0.477698 0.061478 0.336091 0.000010 0.012044
0.080625 0.000010 0.000010 0.003336 0.510339 0.064005 0.286687 0.050878 0.004111
0.059491 0.002551 0.000010 0.000010 0.593129 0.056145 0.266168 0.009141 0.013355
0.120127 0.000010 0.000010 0.022888 0.319505 0.002338 0.535101 0.000010 0.000010
0.033170 0.000010 0.000010 0.029280 0.593345 0.000010 0.341126 0.000010 0.003038
0.001984 0.004958 0.000010 0.000010 0.699561 0.010752 0.282706 0.000010 0.000010
0.079839 0.002082 0.005786 0.000010 0.532381 0.052399 0.303595 0.014059 0.009848
0.079528 0.020278 0.000010 0.000010 0.567647 0.027502 0.301582 0.003433 0.000010
0.008692 0.015849 0.004123 0.000010 0.546413 0.027114 0.390713 0.000010 0.007076
0.010350 0.000010 0.006621 0.000010 0.692158 0.017223 0.251353 0.022265 0.000010
0.016619 0.007564 0.006296 0.000010 0.679124 0.040469 0.235656 0.008204 0.006057
0.034703 0.000010 0.013426 0.006729 0.781534 0.016060 0.143888 0.003640 0.000010
0.144129 0.007034 0.008413 0.000010 0.398873 0.138072 0.303450 0.000010 0.000010
0.160216 0.000010 0.000010 0.026807 0.621984 0.000010 0.190943 0.000010 0.000010
0.156167 0.009599 0.000010 0.033178 0.599356 0.048958 0.146127 0.006593 0.000010
0.078427 0.000010 0.000010 0.025238 0.755354 0.000010 0.140931 0.000010 0.000010
0.153809 0.002168 0.000010 0.030364 0.581911 0.014356 0.217363 0.000010 0.000010
0.188259 0.000010 0.000010 0.028889 0.615805 0.001053 0.165954 0.000010 0.000010
0.144829 0.004496 0.000010 0.041595 0.592456 0.017965 0.198629 0.000010 0.000010
0.138182 0.000010 0.000010 0.027464 0.616012 0.035288 0.183014 0.000010 0.000010
0.099198 0.000010 0.000010 0.034617 0.749131 0.000010 0.111732 0.002411 0.002880
0.087012 0.000010 0.000010 0.018337 0.660443 0.000010 0.234158 0.000010 0.000010
0.123733 0.000010 0.000010 0.035632 0.624997 0.011599 0.199168 0.000010 0.004841
0.125675 0.000010 0.000010 0.035276 0.636163 0.000010 0.183064 0.019781 0.000010
0.121471 0.000010 0.000010 0.036456 0.551584 0.000010 0.287507 0.002943 0.000010
0.025381 0.000010 0.000010 0.037500 0.684027 0.000010 0.246595 0.000010 0.006456
0.049595 0.000010 0.000010 0.032866 0.362902 0.000010 0.540487 0.014109 0.000010
0.009037 0.012208 0.005373 0.000010 0.834778 0.001239 0.129531 0.007815 0.000010
0.100590 0.000010 0.000010 0.000010 0.512668 0.077668 0.240815 0.068219 0.000010
0.003139 0.017645 0.012303 0.000010 0.517445 0.016897 0.408254 0.024298 0.000010
0.049150 0.000010 0.000010 0.028444 0.334183 0.000010 0.564178 0.024006 0.000010
0.091735 0.004831 0.000010 0.028236 0.575127 0.000936 0.299105 0.000010 0.000010
0.066498 0.006344 0.000010 0.054401 0.608914 0.000010 0.255753 0.008059 0.000010
0.020288 0.011546 0.000010 0.000010 0.563110 0.010448 0.394569 0.000010 0.000010
0.026843 0.011123 0.020663 0.000010 0.507624 0.022050 0.411668 0.000010 0.000010
0.033940 0.000010 0.000010 0.032206 0.496554 0.000010 0.437251 0.000010 0.000010
0.070594 0.011798 0.008612 0.000010 0.408517 0.096368 0.404080 0.000010 0.000010
0.152631 0.022708 0.003711 0.000010 0.372458 0.129188 0.319274 0.000010 0.000010
0.105199 0.003733 0.001217 0.000010 0.459759 0.092519 0.324679 0.012874 0.000010
0.012223 0.009649 0.000010 0.000011 0.772098 0.000982 0.205008 0.000010 0.000010
0.018677 0.000010 0.000010 0.025115 0.763239 0.000010 0.192919 0.000010 0.000010
0.027102 0.000010 0.000010 0.041003 0.742402 0.000010 0.168585 0.020869 0.000010
0.022584 0.000010 0.000010 0.030076 0.795334 0.000010 0.151955 0.000010 0.000010
0.243346 0.000010 0.000010 0.024645 0.344171 0.105473 0.279857 0.000010 0.002479
0.034818 0.000010 0.000010 0.031529 0.565280 0.001930 0.366403 0.000010 0.000010
0.076160 0.012104 0.001591 0.000010 0.653782 0.070569 0.141827 0.043946 0.000010
0.006930 0.000010 0.004004 0.013268 0.820939 0.006251 0.131921 0.015673 0.001005
0.000010 0.007216 0.000010 0.000010 0.791650 0.014466 0.181334 0.000010 0.005295
0.027310 0.001027 0.013180 0.000010 0.735364 0.000010 0.219489 0.000010 0.003600
0.033312 0.017148 0.003609 0.000010 0.455927 0.058226 0.431747 0.000010 0.000010
0.064385 0.004668 0.006929 0.000010 0.458042 0.054014 0.390722 0.013424 0.007805
